241 [1467, 91, 43, 49]
242 [1467, 91, 43, 49]
243 [1471, 95, 43, 49]
244 [1479, 99, 43, 49]
245 [1483, 107, 43, 49]
246 [1487, 111, 43, 49]
247 [1491, 115, 43, 49]
248 [1491, 119, 43, 49]
249 [1495, 123, 43, 49]
250 [1495, 131, 43, 49]
251 [1499, 139, 43, 49]
252 [1499, 143, 43, 49]
253 [1503, 155, 43, 49]
254 [1507, 163, 43, 49]
255 [1507, 171, 43, 49]
256 [1511, 179, 43, 49]
257 [1515, 183, 43, 49]
258 [1519, 191, 43, 49]
259 [1523, 199, 43, 49]
260 [1531, 207, 43, 49]
261 [1535, 211, 43, 49]
262 [1543, 219, 43, 49]
263 [1547, 223, 43, 49]
264 [1551, 227, 43, 49]
265 [1555, 231, 43, 49]
266 [1563, 235, 43, 49]
267 [1563, 235, 43, 49]
268 [1567, 239, 43, 49]
269 [1571, 243, 43, 49]
270 [1575, 247, 43, 49]
271 [1579, 251, 43, 49]
272 [1579, 255, 43, 49]
273 [1579, 255, 43, 49]
274 [1579, 259, 43, 49]
275 [1579, 263, 43, 49]
276 [1583, 267, 43, 49]
277 [1583, 271, 43, 49]
278 [1583, 275, 43, 49]
279 [1583, 279, 43, 49]
280 [1583, 283, 43, 49]
281 [1587, 287, 43, 49]
282 [1587, 291, 43, 49]
283 [1587, 295, 43, 49]
284 [1587, 299, 43, 49]
285 [1587, 303, 43, 49]
286 [1587, 307, 43, 49]
287 [1591, 315, 43, 49]
288 [1591, 315, 43, 49]
289 [1591, 323, 43, 49]
290 [1591, 323, 43, 49]
291 [1595, 331, 43, 49]
292 [1595, 331, 43, 49]
293 [1599, 335, 43, 49]
294 [1603, 343, 43, 49]
295 [1603, 343, 43, 49]
296 [1607, 347, 43, 49]
297 [1607, 351, 43, 49]
298 [1611, 355, 43, 49]
299 [1611, 359, 43, 49]
300 [1611, 359, 43, 49]
301 [1611, 363, 43, 49]
302 [1607, 367, 43, 49]
303 [1603, 367, 43, 49]
304 [1603, 367, 43, 49]
305 [1599, 371, 43, 49]
306 [1599, 375, 43, 49]
307 [1595, 375, 43, 49]
308 [1595, 379, 43, 49]
309 [1591, 383, 43, 49]
310 [1591, 387, 43, 49]
311 [1591, 391, 43, 49]
312 [1591, 391, 43, 49]
313 [1587, 395, 43, 49]
314 [1587, 395, 43, 49]
315 [1587, 395, 43, 49]
316 [1587, 399, 43, 49]
317 [1587, 399, 43, 49]
318 [1587, 399, 43, 49]
319 [1587, 399, 43, 49]
320 [1587, 403, 43, 49]
321 [1587, 403, 43, 49]
322 [1587, 403, 43, 49]
323 [1587, 407, 43, 49]
324 [1587, 411, 43, 49]
325 [1587, 415, 43, 49]
326 [1587, 415, 43, 49]
327 [1587, 419, 43, 49]
328 [1587, 419, 43, 49]
329 [1587, 423, 43, 49]
330 [1587, 423, 43, 49]
331 [1583, 423, 43, 49]
332 [1579, 419, 43, 49]
333 [1579, 419, 43, 49]
334 [1575, 419, 43, 49]
335 [1575, 419, 43, 49]
336 [1571, 419, 43, 49]
337 [1571, 415, 43, 49]
338 [1571, 415, 43, 49]
339 [1571, 415, 43, 49]
340 [1567, 415, 43, 49]
341 [1567, 415, 43, 49]
342 [1567, 411, 43, 49]
343 [1563, 411, 43, 49]
344 [1563, 411, 43, 49]
345 [1563, 411, 43, 49]
346 [1559, 407, 43, 49]
347 [1559, 407, 43, 49]
348 [1559, 407, 43, 49]
349 [1555, 407, 43, 49]
350 [1555, 407, 43, 49]
351 [1555, 407, 43, 49]
352 [1555, 407, 43, 49]
353 [1551, 407, 43, 49]
354 [1551, 407, 43, 49]
355 [1551, 411, 43, 49]
356 [1551, 411, 43, 49]
357 [1551, 415, 43, 49]
358 [1547, 415, 43, 49]
359 [1547, 419, 43, 49]
360 [1547, 423, 43, 49]
361 [1547, 423, 43, 49]
362 [1543, 427, 43, 49]
363 [1543, 431, 43, 49]
364 [1539, 431, 43, 49]
365 [1539, 431, 43, 49]
366 [1535, 431, 43, 49]
367 [1535, 431, 43, 49]
368 [1535, 435, 43, 49]
369 [1531, 435, 43, 49]
370 [1531, 435, 43, 49]
371 [1531, 435, 43, 49]
372 [1531, 435, 43, 49]
373 [1531, 439, 43, 49]
374 [1527, 439, 43, 49]
375 [1527, 439, 43, 49]
376 [1527, 439, 43, 49]
377 [1527, 439, 43, 49]
378 [1527, 439, 43, 49]
379 [1523, 439, 43, 49]
380 [1523, 439, 43, 49]
381 [1523, 435, 43, 49]
382 [1519, 435, 43, 49]
383 [1519, 435, 43, 49]
384 [1519, 435, 43, 49]
385 [1515, 435, 43, 49]
386 [1515, 435, 43, 49]
387 [1515, 435, 43, 49]
388 [1511, 439, 43, 49]
389 [1511, 439, 43, 49]
390 [1507, 439, 43, 49]
391 [1507, 439, 43, 49]
392 [1503, 439, 43, 49]
393 [1499, 443, 43, 49]
394 [1499, 443, 43, 49]
395 [1495, 443, 43, 49]
396 [1491, 443, 43, 49]
397 [1487, 439, 43, 49]
398 [1483, 439, 43, 49]
399 [1483, 439, 43, 49]
400 [1479, 435, 43, 49]
401 [1479, 439, 43, 49]
402 [1475, 435, 43, 49]
403 [1475, 439, 43, 49]
404 [1478, 447, 39, 37]
405 [1478, 447, 39, 37]
406 [1478, 447, 39, 37]
407 [1474, 447, 39, 37]
408 [1474, 443, 39, 37]
409 [1474, 439, 39, 37]
410 [1474, 439, 39, 37]
411 [1474, 435, 39, 37]
412 [1474, 435, 39, 37]
413 [1474, 435, 39, 37]
414 [1470, 431, 39, 37]
415 [1470, 431, 39, 37]
416 [1470, 431, 39, 37]
417 [1466, 427, 39, 37]
418 [1462, 427, 39, 37]
419 [1462, 427, 39, 37]
420 [1462, 427, 39, 37]
421 [1458, 427, 39, 37]
422 [1454, 427, 39, 37]
423 [1454, 427, 39, 37]
424 [1450, 427, 39, 37]
425 [1450, 427, 39, 37]
426 [1446, 427, 39, 37]
427 [1442, 431, 39, 37]
428 [1442, 431, 39, 37]
429 [1438, 427, 39, 37]
430 [1434, 427, 39, 37]
431 [1434, 427, 39, 37]
432 [1430, 423, 39, 37]
433 [1430, 423, 39, 37]
434 [1430, 423, 39, 37]
435 [1430, 423, 39, 37]
436 [1430, 419, 39, 37]
437 [1430, 419, 39, 37]
438 [1430, 419, 39, 37]
439 [1426, 415, 39, 37]
440 [1426, 415, 39, 37]
441 [1422, 415, 39, 37]
442 [1418, 411, 39, 37]
443 [1418, 415, 39, 37]
444 [1414, 419, 39, 37]
445 [1410, 415, 39, 37]
446 [1406, 415, 39, 37]
447 [1406, 415, 39, 37]
448 [1406, 415, 39, 37]
449 [1406, 415, 39, 37]
450 [1406, 415, 39, 37]
451 [1406, 415, 39, 37]
452 [1406, 415, 39, 37]
453 [1406, 411, 39, 37]
454 [1406, 411, 39, 37]
455 [1402, 407, 39, 37]
456 [1398, 407, 39, 37]
457 [1398, 407, 39, 37]
458 [1394, 407, 39, 37]
459 [1394, 407, 39, 37]
460 [1390, 411, 39, 37]
461 [1386, 411, 39, 37]
462 [1386, 407, 39, 37]
463 [1386, 407, 39, 37]
464 [1386, 407, 39, 37]
465 [1390, 407, 39, 37]
466 [1390, 403, 39, 37]
467 [1390, 403, 39, 37]
468 [1390, 399, 39, 37]
469 [1386, 399, 39, 37]
470 [1386, 395, 39, 37]
471 [1382, 395, 39, 37]
472 [1382, 399, 39, 37]
473 [1378, 399, 39, 37]
474 [1374, 399, 39, 37]
475 [1374, 399, 39, 37]
476 [1370, 395, 39, 37]
477 [1370, 395, 39, 37]
478 [1366, 391, 39, 37]
479 [1366, 391, 39, 37]
480 [1366, 391, 39, 37]
481 [1370, 391, 39, 37]
482 [1370, 391, 39, 37]
483 [1370, 391, 39, 37]
484 [1370, 391, 39, 37]
485 [1370, 387, 39, 37]
486 [1366, 387, 39, 37]
487 [1366, 387, 39, 37]
488 [1366, 387, 39, 37]
489 [1362, 387, 39, 37]
490 [1362, 387, 39, 37]
491 [1358, 387, 39, 37]
492 [1358, 391, 39, 37]
493 [1354, 387, 39, 37]
494 [1354, 383, 39, 37]
495 [1354, 383, 39, 37]
496 [1354, 383, 39, 37]
497 [1354, 383, 39, 37]
498 [1358, 383, 39, 37]
499 [1358, 383, 39, 37]
500 [1358, 379, 39, 37]
501 [1358, 379, 39, 37]
502 [1358, 375, 39, 37]
503 [1354, 375, 39, 37]
504 [1354, 375, 39, 37]
505 [1350, 375, 39, 37]
506 [1350, 375, 39, 37]
507 [1346, 375, 39, 37]
508 [1342, 375, 39, 37]
509 [1342, 375, 39, 37]
510 [1338, 371, 39, 37]
511 [1338, 371, 39, 37]
512 [1342, 371, 39, 37]
513 [1342, 375, 39, 37]
514 [1346, 375, 39, 37]
515 [1346, 371, 39, 37]
516 [1346, 371, 39, 37]
517 [1342, 367, 39, 37]
518 [1342, 367, 39, 37]
519 [1338, 367, 39, 37]
520 [1338, 367, 39, 37]
521 [1334, 371, 39, 37]
522 [1334, 371, 39, 37]
523 [1330, 371, 39, 37]
524 [1330, 371, 39, 37]
525 [1330, 371, 39, 37]
526 [1330, 371, 39, 37]
527 [1334, 371, 39, 37]
528 [1338, 371, 39, 37]
529 [1338, 371, 39, 37]
530 [1334, 367, 39, 37]
531 [1334, 367, 39, 37]
532 [1334, 363, 39, 37]
533 [1334, 363, 39, 37]
534 [1334, 367, 39, 37]
535 [1330, 367, 39, 37]
536 [1326, 367, 39, 37]
537 [1326, 367, 39, 37]
538 [1326, 363, 39, 37]
539 [1326, 363, 39, 37]
540 [1326, 363, 39, 37]
541 [1330, 363, 39, 37]
542 [1330, 363, 39, 37]
543 [1330, 363, 39, 37]
544 [1330, 359, 39, 37]
545 [1326, 355, 39, 37]
546 [1326, 355, 39, 37]
547 [1322, 355, 39, 37]
548 [1322, 359, 39, 37]
549 [1318, 359, 39, 37]
550 [1314, 359, 39, 37]
551 [1314, 355, 39, 37]
552 [1314, 355, 39, 37]
553 [1314, 355, 39, 37]
554 [1314, 355, 39, 37]
555 [1314, 355, 39, 37]
556 [1318, 355, 39, 37]
557 [1318, 355, 39, 37]
558 [1318, 355, 39, 37]
559 [1314, 351, 39, 37]
560 [1314, 351, 39, 37]
561 [1314, 351, 39, 37]
562 [1310, 351, 39, 37]
563 [1310, 355, 39, 37]
564 [1306, 355, 39, 37]
565 [1306, 355, 39, 37]
566 [1306, 355, 39, 37]
567 [1306, 355, 39, 37]
568 [1306, 355, 39, 37]
569 [1310, 355, 39, 37]
570 [1314, 355, 39, 37]
571 [1314, 355, 39, 37]
572 [1314, 355, 39, 37]
573 [1314, 351, 39, 37]
574 [1310, 351, 39, 37]
575 [1310, 351, 39, 37]
576 [1306, 351, 39, 37]
577 [1306, 355, 39, 37]
578 [1302, 351, 39, 37]
579 [1302, 355, 39, 37]
580 [1298, 351, 39, 37]
581 [1298, 351, 39, 37]
582 [1298, 351, 39, 37]
583 [1302, 351, 39, 37]
584 [1302, 351, 39, 37]
585 [1302, 351, 39, 37]
586 [1302, 351, 39, 37]
587 [1302, 347, 39, 37]
588 [1298, 347, 39, 37]
589 [1294, 351, 39, 37]
590 [1294, 355, 39, 37]
591 [1290, 359, 39, 37]
592 [1286, 359, 39, 37]
593 [1286, 359, 39, 37]
594 [1286, 359, 39, 37]
595 [1290, 363, 39, 37]
596 [1294, 363, 39, 37]
597 [1294, 363, 39, 37]
598 [1294, 363, 39, 37]
599 [1290, 363, 39, 37]
600 [1290, 367, 39, 37]
601 [1286, 371, 39, 37]
602 [1286, 371, 39, 37]
603 [1282, 375, 39, 37]
604 [1282, 375, 39, 37]
605 [1278, 375, 39, 37]
606 [1282, 375, 39, 37]
607 [1286, 379, 39, 37]
608 [1286, 379, 39, 37]
609 [1286, 375, 39, 37]
610 [1286, 375, 39, 37]
611 [1282, 371, 39, 37]
612 [1282, 371, 39, 37]
613 [1278, 371, 39, 37]
614 [1278, 371, 39, 37]
615 [1274, 371, 39, 37]
616 [1270, 375, 39, 37]
617 [1266, 375, 39, 37]
618 [1266, 375, 39, 37]
619 [1262, 379, 39, 37]
620 [1262, 379, 39, 37]
621 [1262, 383, 39, 37]
622 [1266, 383, 39, 37]
623 [1266, 387, 39, 37]
624 [1266, 387, 39, 37]
625 [1266, 387, 39, 37]
626 [1262, 383, 39, 37]
627 [1262, 387, 39, 37]
628 [1258, 387, 39, 37]
629 [1254, 391, 39, 37]
630 [1254, 391, 39, 37]
631 [1250, 391, 39, 37]
632 [1250, 391, 39, 37]
633 [1250, 391, 39, 37]
634 [1250, 391, 39, 37]
635 [1250, 387, 39, 37]
636 [1254, 391, 39, 37]
637 [1254, 387, 39, 37]
638 [1254, 387, 39, 37]
639 [1250, 383, 39, 37]
640 [1246, 383, 39, 37]
641 [1246, 379, 39, 37]
642 [1242, 383, 39, 37]
643 [1238, 383, 39, 37]
644 [1237, 374, 28, 40]
645 [1233, 374, 28, 40]
646 [1229, 374, 28, 40]
647 [1225, 370, 28, 40]
648 [1225, 370, 28, 40]
649 [1225, 370, 28, 40]
650 [1219, 374, 45, 43]
651 [1219, 374, 45, 43]
652 [1215, 370, 45, 43]
653 [1211, 370, 45, 43]
654 [1207, 370, 45, 43]
655 [1207, 374, 45, 43]
656 [1203, 374, 45, 43]
657 [1199, 374, 45, 43]
658 [1195, 374, 45, 43]
659 [1195, 374, 45, 43]
660 [1195, 374, 45, 43]
661 [1195, 374, 45, 43]
662 [1195, 374, 45, 43]
663 [1195, 374, 45, 43]
664 [1195, 374, 45, 43]
665 [1195, 370, 45, 43]
666 [1191, 370, 45, 43]
667 [1187, 370, 45, 43]
668 [1187, 374, 45, 43]
669 [1183, 374, 45, 43]
670 [1179, 378, 45, 43]
671 [1179, 374, 45, 43]
672 [1175, 374, 45, 43]
673 [1175, 374, 45, 43]
674 [1179, 374, 45, 43]
675 [1179, 374, 45, 43]
676 [1183, 374, 45, 43]
677 [1179, 374, 45, 43]
678 [1179, 370, 45, 43]
679 [1175, 370, 45, 43]
680 [1171, 370, 45, 43]
681 [1171, 370, 45, 43]
682 [1167, 374, 45, 43]
683 [1163, 374, 45, 43]
684 [1159, 370, 45, 43]
685 [1159, 370, 45, 43]
686 [1159, 370, 45, 43]
687 [1159, 370, 45, 43]
688 [1163, 374, 45, 43]
689 [1163, 374, 45, 43]
690 [1163, 370, 45, 43]
691 [1159, 370, 45, 43]
692 [1155, 370, 45, 43]
693 [1155, 370, 45, 43]
694 [1151, 370, 45, 43]
695 [1147, 374, 45, 43]
696 [1143, 370, 45, 43]
697 [1139, 370, 45, 43]
698 [1139, 370, 45, 43]
699 [1139, 370, 45, 43]
700 [1139, 370, 45, 43]
701 [1143, 370, 45, 43]
702 [1143, 370, 45, 43]
703 [1139, 370, 45, 43]
704 [1145, 368, 31, 37]
705 [1141, 368, 31, 37]
706 [1141, 368, 31, 37]
707 [1137, 372, 31, 37]
708 [1133, 376, 31, 37]
709 [1129, 372, 31, 37]
710 [1129, 372, 31, 37]
711 [1129, 372, 31, 37]
712 [1129, 372, 31, 37]
713 [1133, 376, 31, 37]
714 [1133, 372, 31, 37]
715 [1133, 372, 31, 37]
716 [1133, 372, 31, 37]
717 [1133, 372, 31, 37]
718 [1129, 368, 31, 37]
719 [1125, 368, 31, 37]
720 [1125, 372, 31, 37]
721 [1121, 376, 31, 37]
722 [1117, 376, 31, 37]
723 [1113, 376, 31, 37]
724 [1113, 372, 31, 37]
725 [1109, 372, 31, 37]
726 [1113, 372, 31, 37]
727 [1113, 376, 31, 37]
728 [1113, 376, 31, 37]
729 [1113, 372, 31, 37]
730 [1113, 372, 31, 37]
731 [1109, 372, 31, 37]
732 [1105, 372, 31, 37]
733 [1105, 368, 31, 37]
734 [1101, 372, 31, 37]
735 [1097, 376, 31, 37]
736 [1093, 376, 31, 37]
737 [1089, 376, 31, 37]
738 [1085, 372, 31, 37]
739 [1085, 372, 31, 37]
740 [1085, 372, 31, 37]
741 [1085, 372, 31, 37]
742 [1089, 372, 31, 37]
743 [1089, 372, 31, 37]
744 [1085, 368, 31, 37]
745 [1081, 368, 31, 37]
746 [1081, 368, 31, 37]
747 [1077, 368, 31, 37]
748 [1073, 372, 31, 37]
749 [1069, 368, 31, 37]
750 [1069, 368, 31, 37]
751 [1073, 368, 31, 37]
752 [1073, 368, 31, 37]
753 [1069, 364, 31, 37]
754 [1065, 360, 31, 37]
755 [1065, 364, 31, 37]
756 [1061, 368, 31, 37]
757 [1057, 364, 31, 37]
758 [1057, 364, 31, 37]
759 [1061, 364, 31, 37]
760 [1061, 360, 31, 37]
761 [1057, 356, 31, 37]
762 [1057, 356, 31, 37]
763 [1053, 356, 31, 37]
764 [1049, 356, 31, 37]
765 [1045, 352, 31, 37]
766 [1045, 348, 31, 37]
767 [1049, 348, 31, 37]
768 [1049, 344, 31, 37]
769 [1045, 336, 31, 37]
770 [1041, 336, 31, 37]
771 [1037, 336, 31, 37]
772 [1033, 332, 31, 37]
773 [1033, 328, 31, 37]
774 [1037, 328, 31, 37]
775 [1037, 324, 31, 37]
776 [1037, 320, 31, 37]
777 [1033, 316, 31, 37]
778 [1029, 320, 31, 37]
779 [1025, 316, 31, 37]
780 [1025, 316, 31, 37]
781 [1025, 312, 31, 37]
782 [1029, 312, 31, 37]
783 [1029, 308, 31, 37]
784 [1029, 304, 31, 37]
785 [1025, 308, 31, 37]
786 [1025, 308, 31, 37]
787 [1021, 304, 31, 37]
788 [1025, 304, 31, 37]
789 [1029, 304, 31, 37]
790 [1029, 304, 31, 37]
791 [1029, 304, 31, 37]
792 [1025, 304, 31, 37]
793 [1025, 304, 31, 37]
794 [1025, 304, 31, 37]
795 [1029, 304, 31, 37]
796 [1033, 304, 31, 37]
797 [1033, 300, 31, 37]
798 [1029, 296, 31, 37]
799 [1029, 300, 31, 37]
800 [1025, 300, 31, 37]
801 [1025, 296, 31, 37]
802 [1029, 296, 31, 37]
803 [1033, 296, 31, 37]
804 [1033, 292, 31, 37]
805 [1029, 288, 31, 37]
806 [1029, 292, 31, 37]
807 [1025, 292, 31, 37]
808 [1025, 292, 31, 37]
809 [1025, 292, 31, 37]
810 [1029, 292, 31, 37]
811 [1029, 288, 31, 37]
812 [1025, 288, 31, 37]
813 [1021, 288, 31, 37]
814 [1017, 288, 31, 37]
815 [1017, 288, 31, 37]
816 [1017, 288, 31, 37]
817 [1025, 288, 31, 37]
818 [1021, 284, 31, 37]
819 [1021, 284, 31, 37]
820 [1017, 288, 31, 37]
821 [1017, 288, 31, 37]
822 [1017, 284, 31, 37]
823 [1017, 284, 31, 37]
824 [1021, 284, 31, 37]
825 [1021, 280, 31, 37]
826 [1021, 280, 31, 37]
827 [1017, 280, 31, 37]
828 [1017, 280, 31, 37]
829 [1013, 276, 31, 37]
830 [1017, 276, 31, 37]
831 [1021, 276, 31, 37]
832 [1021, 276, 31, 37]
833 [1021, 272, 31, 37]
834 [1021, 272, 31, 37]
835 [1017, 276, 31, 37]
836 [1017, 272, 31, 37]
837 [1017, 268, 31, 37]
838 [1021, 272, 31, 37]
839 [1025, 272, 31, 37]
840 [1025, 268, 31, 37]
841 [1025, 268, 31, 37]
842 [1021, 268, 31, 37]
843 [1021, 268, 31, 37]
844 [1017, 268, 31, 37]
845 [1017, 264, 31, 37]
846 [1021, 264, 31, 37]
847 [1025, 264, 31, 37]
848 [1025, 264, 31, 37]
849 [1025, 260, 31, 37]
850 [1025, 260, 31, 37]
851 [1021, 264, 31, 37]
852 [1021, 264, 31, 37]
853 [1021, 260, 31, 37]
854 [1025, 264, 31, 37]
855 [1029, 260, 31, 37]
856 [1025, 256, 31, 37]
857 [1025, 256, 31, 37]
858 [1021, 260, 31, 37]
859 [1021, 260, 31, 37]
860 [1021, 256, 31, 37]
861 [1025, 256, 31, 37]
862 [1029, 256, 31, 37]
863 [1029, 256, 31, 37]
864 [1025, 256, 31, 37]
865 [1025, 260, 31, 37]
866 [1021, 256, 31, 37]
867 [1025, 256, 31, 37]
868 [1029, 256, 31, 37]
869 [1033, 256, 31, 37]
870 [1033, 252, 31, 37]
871 [1029, 256, 31, 37]
872 [1029, 256, 31, 37]
873 [1025, 256, 31, 37]
874 [1025, 252, 31, 37]
875 [1033, 252, 31, 37]
876 [1037, 252, 31, 37]
877 [1033, 248, 31, 37]
878 [1033, 248, 31, 37]
879 [1029, 252, 31, 37]
880 [1029, 252, 31, 37]
881 [1029, 248, 31, 37]
882 [1033, 252, 31, 37]
883 [1037, 252, 31, 37]
884 [1037, 252, 31, 37]
885 [1033, 252, 31, 37]
886 [1033, 256, 31, 37]
887 [1029, 260, 31, 37]
888 [1029, 260, 31, 37]
889 [1037, 264, 31, 37]
890 [1037, 264, 31, 37]
891 [1037, 260, 31, 37]
892 [1037, 264, 31, 37]
893 [1033, 268, 31, 37]
894 [1033, 268, 31, 37]
895 [1033, 268, 31, 37]
896 [1041, 268, 31, 37]
897 [1041, 272, 31, 37]
898 [1041, 268, 31, 37]
899 [1041, 272, 31, 37]
900 [1041, 276, 31, 37]
901 [1037, 276, 31, 37]
902 [1037, 276, 31, 37]
903 [1045, 276, 31, 37]
904 [1045, 280, 31, 37]
905 [1045, 276, 31, 37]
906 [1045, 276, 31, 37]
907 [1041, 284, 31, 37]
908 [1037, 284, 31, 37]
909 [1037, 281, 26, 28]
910 [1041, 285, 26, 28]
911 [1045, 285, 26, 28]
912 [1041, 281, 26, 28]
913 [1041, 281, 26, 28]
914 [1037, 285, 26, 28]
915 [1033, 285, 26, 28]
916 [1033, 285, 26, 28]
917 [1037, 285, 26, 28]
918 [1041, 285, 26, 28]
919 [1037, 281, 26, 28]
920 [1037, 281, 26, 28]
921 [1033, 285, 26, 28]
922 [1029, 285, 26, 28]
923 [1029, 285, 26, 28]
924 [1033, 285, 26, 28]
925 [1037, 285, 26, 28]
926 [1037, 285, 26, 28]
927 [1033, 285, 26, 28]
928 [1033, 285, 26, 28]
929 [1029, 289, 26, 28]
930 [1029, 289, 26, 28]
931 [1029, 289, 26, 28]
932 [1033, 289, 26, 28]
933 [1037, 289, 26, 28]
934 [1037, 289, 26, 28]
935 [1033, 285, 26, 28]
936 [1033, 289, 26, 28]
937 [1029, 293, 26, 28]
938 [1025, 289, 26, 28]
939 [1029, 289, 26, 28]
940 [1033, 293, 26, 28]
941 [1033, 293, 26, 28]
942 [1033, 289, 26, 28]
943 [1029, 289, 26, 28]
944 [1029, 293, 26, 28]
945 [1025, 293, 26, 28]
946 [1025, 293, 26, 28]
947 [1025, 293, 26, 28]
948 [1029, 293, 26, 28]
949 [1033, 293, 26, 28]
950 [1029, 289, 26, 28]
951 [1029, 289, 26, 28]
952 [1029, 289, 26, 28]
953 [1025, 297, 26, 28]
954 [1021, 297, 26, 28]
955 [1021, 297, 26, 28]
956 [1021, 297, 26, 28]
957 [1021, 297, 26, 28]
958 [1025, 297, 26, 28]
959 [1025, 297, 26, 28]
960 [1025, 297, 26, 28]
961 [1025, 293, 26, 28]
962 [1021, 293, 26, 28]
963 [1021, 297, 26, 28]
964 [1015, 292, 39, 35]
965 [1011, 296, 39, 35]
966 [1011, 296, 39, 35]
967 [1007, 296, 39, 35]
968 [1007, 296, 39, 35]
969 [1011, 296, 39, 35]
970 [1015, 296, 39, 35]
971 [1015, 300, 39, 35]
972 [1015, 296, 39, 35]
973 [1015, 296, 39, 35]
974 [1011, 296, 39, 35]
975 [1011, 296, 39, 35]
976 [1011, 300, 39, 35]
977 [1007, 300, 39, 35]
978 [1007, 300, 39, 35]
979 [1007, 300, 39, 35]
980 [1007, 300, 39, 35]
981 [1007, 300, 39, 35]
982 [1011, 300, 39, 35]
983 [1011, 300, 39, 35]
984 [1011, 300, 39, 35]
985 [1011, 296, 39, 35]
986 [1007, 300, 39, 35]
987 [1007, 300, 39, 35]
988 [1003, 304, 39, 35]
989 [999, 304, 39, 35]
990 [999, 304, 39, 35]
991 [995, 304, 39, 35]
992 [999, 304, 39, 35]
993 [999, 304, 39, 35]
994 [1003, 304, 39, 35]
995 [1003, 304, 39, 35]
996 [1003, 304, 39, 35]
997 [999, 304, 39, 35]
998 [999, 304, 39, 35]
999 [995, 312, 39, 35]
1000 [991, 316, 39, 35]
1001 [991, 316, 39, 35]
1002 [987, 316, 39, 35]
1003 [987, 320, 39, 35]
1004 [991, 324, 39, 35]
1005 [995, 328, 39, 35]
1006 [995, 328, 39, 35]
1007 [995, 328, 39, 35]
1008 [995, 328, 39, 35]
1009 [995, 328, 39, 35]
1010 [991, 328, 39, 35]
1011 [991, 332, 39, 35]
1012 [987, 332, 39, 35]
1013 [987, 332, 39, 35]
1014 [983, 332, 39, 35]
1015 [983, 332, 39, 35]
1016 [983, 328, 39, 35]
1017 [983, 332, 39, 35]
1018 [987, 332, 39, 35]
1019 [987, 332, 39, 35]
1020 [983, 328, 39, 35]
1021 [983, 324, 39, 35]
1022 [979, 324, 39, 35]
1023 [975, 324, 39, 35]
1024 [971, 328, 39, 35]
1025 [971, 332, 39, 35]
1026 [967, 332, 39, 35]
1027 [963, 332, 39, 35]
1028 [959, 332, 39, 35]
1029 [959, 332, 39, 35]
1030 [955, 332, 39, 35]
1031 [959, 332, 39, 35]
1032 [959, 332, 39, 35]
1033 [959, 332, 39, 35]
1034 [959, 332, 39, 35]
1035 [955, 332, 39, 35]
1036 [955, 328, 39, 35]
1037 [951, 328, 39, 35]
1038 [951, 328, 39, 35]
1039 [947, 332, 39, 35]
1040 [943, 332, 39, 35]
1041 [943, 332, 39, 35]
1042 [939, 332, 39, 35]
1043 [939, 332, 39, 35]
1044 [935, 332, 39, 35]
1045 [935, 328, 39, 35]
1046 [935, 328, 39, 35]
1047 [939, 328, 39, 35]
1048 [939, 328, 39, 35]
1049 [939, 328, 39, 35]
1050 [935, 328, 39, 35]
1051 [935, 324, 39, 35]
1052 [931, 324, 39, 35]
1053 [931, 328, 39, 35]
1054 [927, 332, 39, 35]
1055 [923, 332, 39, 35]
1056 [923, 332, 39, 35]
1057 [923, 328, 39, 35]
1058 [919, 328, 39, 35]
1059 [919, 324, 39, 35]
1060 [919, 324, 39, 35]
1061 [923, 324, 39, 35]
1062 [923, 324, 39, 35]
1063 [923, 320, 39, 35]
1064 [923, 320, 39, 35]
1065 [923, 316, 39, 35]
1066 [919, 312, 39, 35]
1067 [919, 312, 39, 35]
1068 [915, 308, 39, 35]
1069 [915, 308, 39, 35]
1070 [911, 312, 39, 35]
1071 [907, 312, 39, 35]
1072 [903, 312, 39, 35]
1073 [903, 308, 39, 35]
1074 [899, 308, 39, 35]
1075 [899, 308, 39, 35]
1076 [899, 308, 39, 35]
1077 [903, 308, 39, 35]
1078 [903, 308, 39, 35]
1079 [903, 308, 39, 35]
1080 [903, 308, 39, 35]
1081 [899, 308, 39, 35]
1082 [899, 304, 39, 35]
1083 [899, 308, 39, 35]
1084 [895, 308, 39, 35]
1085 [895, 308, 39, 35]
1086 [895, 304, 39, 35]
1087 [891, 300, 39, 35]
1088 [891, 300, 39, 35]
1089 [891, 296, 39, 35]
1090 [887, 292, 39, 35]
1091 [891, 288, 39, 35]
1092 [891, 284, 39, 35]
1093 [891, 284, 39, 35]
1094 [891, 280, 39, 35]
1095 [891, 276, 39, 35]
1096 [891, 272, 39, 35]
1097 [887, 268, 39, 35]
1098 [887, 264, 39, 35]
1099 [883, 260, 39, 35]
1100 [879, 260, 39, 35]
1101 [879, 260, 39, 35]
1102 [875, 260, 39, 35]
1103 [875, 260, 39, 35]
1104 [871, 256, 39, 35]
1105 [871, 252, 39, 35]
1106 [871, 252, 39, 35]
1107 [875, 248, 39, 35]
1108 [875, 248, 39, 35]
1109 [879, 248, 39, 35]
1110 [883, 248, 39, 35]
1111 [887, 244, 39, 35]
1112 [887, 240, 39, 35]
1113 [887, 236, 39, 35]
1114 [887, 232, 39, 35]
1115 [887, 232, 39, 35]
1116 [887, 232, 39, 35]
1117 [887, 232, 39, 35]
1118 [887, 232, 39, 35]
1119 [887, 232, 39, 35]
1120 [887, 232, 39, 35]
1121 [887, 232, 39, 35]
1122 [887, 232, 39, 35]
1123 [891, 232, 39, 35]
1124 [895, 236, 39, 35]
1125 [899, 236, 39, 35]
1126 [899, 236, 39, 35]
1127 [899, 236, 39, 35]
1128 [899, 232, 39, 35]
1129 [899, 232, 39, 35]
1130 [899, 232, 39, 35]
1131 [899, 236, 39, 35]
1132 [899, 236, 39, 35]
1133 [895, 236, 39, 35]
1134 [895, 236, 39, 35]
1135 [895, 236, 39, 35]
1136 [895, 232, 39, 35]
1137 [895, 232, 39, 35]
1138 [899, 232, 39, 35]
1139 [903, 236, 39, 35]
1140 [903, 236, 39, 35]
1141 [903, 236, 39, 35]
1142 [903, 236, 39, 35]
1143 [903, 236, 39, 35]
1144 [903, 236, 39, 35]
1145 [899, 236, 39, 35]
1146 [899, 240, 39, 35]
1147 [895, 240, 39, 35]
1148 [895, 240, 39, 35]
1149 [895, 240, 39, 35]
1150 [895, 240, 39, 35]
1151 [895, 240, 39, 35]
1152 [895, 240, 39, 35]
1153 [899, 244, 39, 35]
1154 [903, 244, 39, 35]
1155 [903, 244, 39, 35]
1156 [899, 240, 39, 35]
1157 [899, 244, 39, 35]
1158 [895, 248, 39, 35]
1159 [895, 248, 39, 35]
1160 [895, 248, 39, 35]
1161 [895, 248, 39, 35]
1162 [899, 248, 39, 35]
1163 [903, 248, 39, 35]
1164 [907, 248, 39, 35]
1165 [907, 244, 39, 35]
1166 [907, 244, 39, 35]
1167 [903, 248, 39, 35]
1168 [903, 248, 39, 35]
1169 [903, 248, 39, 35]
1170 [903, 244, 39, 35]
1171 [903, 244, 39, 35]
1172 [911, 248, 39, 35]
1173 [911, 244, 39, 35]
1174 [911, 240, 39, 35]
1175 [907, 240, 39, 35]
1176 [907, 244, 39, 35]
1177 [903, 244, 39, 35]
1178 [903, 244, 39, 35]
1179 [903, 244, 39, 35]
1180 [903, 244, 39, 35]
1181 [907, 244, 39, 35]
1182 [911, 244, 39, 35]
1183 [907, 240, 39, 35]
1184 [907, 240, 39, 35]
1185 [903, 248, 39, 35]
1186 [903, 248, 39, 35]
1187 [899, 244, 39, 35]
1188 [903, 244, 39, 35]
1189 [907, 248, 39, 35]
1190 [907, 244, 39, 35]
1191 [907, 244, 39, 35]
1192 [903, 248, 39, 35]
1193 [903, 248, 39, 35]
1194 [899, 248, 39, 35]
1195 [899, 248, 39, 35]
1196 [903, 248, 39, 35]
1197 [907, 252, 39, 35]
1198 [907, 248, 39, 35]
1199 [907, 248, 39, 35]
1200 [907, 248, 39, 35]
1201 [903, 252, 39, 35]
1202 [903, 252, 39, 35]
1203 [903, 252, 39, 35]
1204 [907, 252, 39, 35]
1205 [911, 252, 39, 35]
1206 [911, 252, 39, 35]
1207 [911, 248, 39, 35]
1208 [907, 252, 39, 35]
1209 [907, 256, 39, 35]
1210 [903, 252, 39, 35]
1211 [903, 252, 39, 35]
1212 [907, 252, 39, 35]
1213 [911, 252, 39, 35]
1214 [911, 252, 39, 35]
1215 [911, 248, 39, 35]
1216 [907, 248, 39, 35]
1217 [907, 252, 39, 35]
1218 [903, 252, 39, 35]
1219 [903, 252, 39, 35]
1220 [903, 252, 39, 35]
1221 [907, 252, 39, 35]
1222 [911, 252, 39, 35]
1223 [911, 252, 39, 35]
1224 [907, 252, 39, 35]
1225 [907, 252, 39, 35]
1226 [907, 252, 39, 35]
1227 [903, 256, 39, 35]
1228 [903, 256, 39, 35]
1229 [899, 256, 39, 35]
1230 [903, 256, 39, 35]
1231 [907, 260, 39, 35]
1232 [907, 256, 39, 35]
1233 [907, 256, 39, 35]
1234 [907, 260, 39, 35]
1235 [903, 264, 39, 35]
1236 [903, 264, 39, 35]
1237 [903, 260, 39, 35]
1238 [907, 264, 39, 35]
1239 [911, 264, 39, 35]
1240 [911, 264, 39, 35]
1241 [907, 260, 39, 35]
1242 [907, 264, 39, 35]
1243 [903, 268, 39, 35]
1244 [903, 264, 39, 35]
1245 [903, 264, 39, 35]
1246 [903, 264, 39, 35]
1247 [907, 268, 39, 35]
1248 [907, 264, 39, 35]
1249 [907, 264, 39, 35]
1250 [907, 260, 39, 35]
1251 [903, 264, 39, 35]
1252 [899, 268, 39, 35]
1253 [899, 268, 39, 35]
1254 [899, 268, 39, 35]
1255 [903, 268, 39, 35]
1256 [903, 268, 39, 35]
1257 [903, 268, 39, 35]
1258 [903, 264, 39, 35]
1259 [899, 264, 39, 35]
1260 [895, 268, 39, 35]
1261 [895, 268, 39, 35]
1262 [895, 268, 39, 35]
1263 [899, 268, 39, 35]
1264 [903, 268, 39, 35]
1265 [903, 268, 39, 35]
1266 [899, 264, 39, 35]
1267 [899, 264, 39, 35]
1268 [899, 268, 39, 35]
1269 [895, 272, 39, 35]
1270 [895, 268, 39, 35]
1271 [895, 268, 39, 35]
1272 [899, 272, 39, 35]
1273 [903, 272, 39, 35]
1274 [899, 268, 39, 35]
1275 [899, 268, 39, 35]
1276 [895, 272, 39, 35]
1277 [895, 272, 39, 35]
1278 [891, 272, 39, 35]
1279 [895, 268, 39, 35]
1280 [899, 272, 39, 35]
1281 [899, 272, 39, 35]
1282 [899, 268, 39, 35]
1283 [895, 268, 39, 35]
1284 [895, 272, 39, 35]
1285 [891, 276, 39, 35]
1286 [891, 276, 39, 35]
1287 [891, 276, 39, 35]
1288 [895, 280, 39, 35]
1289 [895, 284, 39, 35]
1290 [895, 280, 39, 35]
1291 [891, 280, 39, 35]
1292 [891, 280, 39, 35]
1293 [887, 284, 39, 35]
1294 [883, 284, 39, 35]
1295 [883, 280, 39, 35]
1296 [887, 280, 39, 35]
1297 [891, 280, 39, 35]
1298 [887, 276, 39, 35]
1299 [887, 276, 39, 35]
1300 [883, 280, 39, 35]
1301 [879, 284, 39, 35]
1302 [875, 284, 39, 35]
1303 [875, 284, 39, 35]
1304 [879, 288, 39, 35]
1305 [883, 288, 39, 35]
1306 [879, 288, 39, 35]
1307 [875, 288, 39, 35]
1308 [875, 296, 39, 35]
1309 [871, 300, 39, 35]
1310 [867, 300, 39, 35]
1311 [871, 300, 39, 35]
1312 [875, 304, 39, 35]
1313 [875, 304, 39, 35]
1314 [875, 300, 39, 35]
1315 [871, 304, 39, 35]
1316 [871, 308, 39, 35]
1317 [867, 308, 39, 35]
1318 [863, 308, 39, 35]
1319 [867, 304, 39, 35]
1320 [871, 304, 39, 35]
1321 [871, 304, 39, 35]
1322 [867, 300, 39, 35]
1323 [863, 304, 39, 35]
1324 [859, 308, 39, 35]
1325 [855, 308, 39, 35]
1326 [851, 308, 39, 35]
1327 [855, 308, 39, 35]
1328 [859, 312, 39, 35]
1329 [855, 312, 39, 35]
1330 [851, 312, 39, 35]
1331 [851, 316, 39, 35]
1332 [847, 320, 39, 35]
1333 [843, 316, 39, 35]
1334 [843, 312, 39, 35]
1335 [847, 312, 39, 35]
1336 [851, 312, 39, 35]
1337 [851, 308, 39, 35]
1338 [847, 308, 39, 35]
1339 [847, 308, 39, 35]
1340 [843, 312, 39, 35]
1341 [843, 308, 39, 35]
1342 [843, 308, 39, 35]
1343 [843, 304, 39, 35]
1344 [847, 308, 39, 35]
1345 [847, 304, 39, 35]
1346 [847, 300, 39, 35]
1347 [843, 300, 39, 35]
1348 [843, 300, 39, 35]
1349 [839, 304, 39, 35]
1350 [835, 304, 39, 35]
1351 [831, 300, 39, 35]
1352 [835, 300, 39, 35]
1353 [835, 304, 39, 35]
1354 [835, 300, 39, 35]
1355 [831, 300, 39, 35]
1356 [827, 296, 39, 35]
1357 [827, 300, 39, 35]
1358 [823, 304, 39, 35]
1359 [819, 300, 39, 35]
1360 [819, 300, 39, 35]
1361 [819, 300, 39, 35]
1362 [823, 300, 39, 35]
1363 [823, 296, 39, 35]
1364 [819, 296, 39, 35]
1365 [815, 300, 39, 35]
1366 [815, 300, 39, 35]
1367 [811, 296, 39, 35]
1368 [811, 296, 39, 35]
1369 [815, 296, 39, 35]
1370 [819, 296, 39, 35]
1371 [815, 288, 39, 35]
1372 [815, 288, 39, 35]
1373 [811, 292, 39, 35]
1374 [807, 288, 39, 35]
1375 [807, 288, 39, 35]
1376 [811, 288, 39, 35]
1377 [815, 284, 39, 35]
1378 [811, 280, 39, 35]
1379 [807, 284, 39, 35]
1380 [807, 284, 39, 35]
1381 [803, 284, 39, 35]
1382 [803, 280, 39, 35]
1383 [807, 280, 39, 35]
1384 [807, 276, 39, 35]
1385 [803, 276, 39, 35]
1386 [803, 276, 39, 35]
1387 [799, 276, 39, 35]
1388 [799, 276, 39, 35]
1389 [803, 276, 39, 35]
1390 [799, 272, 39, 35]
1391 [799, 272, 39, 35]
1392 [795, 276, 39, 35]
1393 [791, 276, 39, 35]
1394 [791, 272, 39, 35]
1395 [795, 276, 39, 35]
1396 [795, 272, 39, 35]
1397 [791, 268, 39, 35]
1398 [787, 272, 39, 35]
1399 [783, 276, 39, 35]
1400 [783, 272, 39, 35]
1401 [787, 272, 39, 35]
1402 [791, 272, 39, 35]
1403 [787, 268, 39, 35]
1404 [783, 272, 39, 35]
1405 [783, 272, 39, 35]
1406 [779, 272, 39, 35]
1407 [783, 272, 39, 35]
1408 [787, 272, 39, 35]
1409 [783, 268, 39, 35]
1410 [783, 268, 39, 35]
1411 [779, 268, 39, 35]
1412 [779, 268, 39, 35]
1413 [779, 264, 39, 35]
1414 [783, 264, 39, 35]
1415 [787, 260, 39, 35]
1416 [783, 256, 39, 35]
1417 [783, 256, 39, 35]
1418 [779, 256, 39, 35]
1419 [779, 252, 39, 35]
1420 [783, 252, 39, 35]
1421 [787, 248, 39, 35]
1422 [783, 244, 39, 35]
1423 [783, 240, 39, 35]
1424 [779, 240, 39, 35]
1425 [775, 240, 39, 35]
1426 [775, 236, 39, 35]
1427 [783, 232, 39, 35]
1428 [783, 232, 39, 35]
1429 [779, 224, 39, 35]
1430 [779, 228, 39, 35]
1431 [775, 228, 39, 35]
1432 [775, 224, 39, 35]
1433 [779, 224, 39, 35]
1434 [783, 224, 39, 35]
1435 [779, 220, 39, 35]
1436 [779, 220, 39, 35]
1437 [775, 224, 39, 35]
1438 [775, 224, 39, 35]
1439 [775, 224, 39, 35]
1440 [783, 224, 39, 35]
1441 [783, 224, 39, 35]
1442 [783, 224, 39, 35]
1443 [779, 228, 39, 35]
1444 [779, 228, 39, 35]
1445 [783, 224, 39, 35]
1446 [787, 228, 39, 35]
1447 [787, 224, 39, 35]
1448 [787, 224, 39, 35]
1449 [787, 228, 39, 35]
1450 [783, 228, 39, 35]
1451 [787, 224, 39, 35]
1452 [791, 228, 39, 35]
1453 [791, 228, 39, 35]
1454 [791, 224, 39, 35]
1455 [791, 232, 39, 35]
1456 [787, 232, 39, 35]
1457 [791, 228, 39, 35]
1458 [795, 232, 39, 35]
1459 [795, 228, 39, 35]
1460 [795, 224, 39, 35]
1461 [791, 228, 39, 35]
1462 [787, 228, 39, 35]
1463 [787, 224, 39, 35]
1464 [791, 224, 39, 35]
1465 [795, 228, 39, 35]
1466 [795, 224, 39, 35]
1467 [791, 224, 39, 35]
1468 [791, 228, 39, 35]
1469 [787, 228, 39, 35]
1470 [787, 224, 39, 35]
1471 [795, 224, 39, 35]
1472 [795, 224, 39, 35]
1473 [795, 220, 39, 35]
1474 [791, 224, 39, 35]
1475 [791, 224, 39, 35]
1476 [787, 224, 39, 35]
1477 [791, 224, 39, 35]
1478 [795, 228, 39, 35]
1479 [795, 224, 39, 35]
1480 [791, 224, 39, 35]
1481 [791, 228, 39, 35]
1482 [787, 232, 39, 35]
1483 [787, 228, 39, 35]
1484 [791, 232, 39, 35]
1485 [795, 232, 39, 35]
1486 [795, 232, 39, 35]
1487 [791, 232, 39, 35]
1488 [791, 232, 39, 35]
1489 [787, 232, 39, 35]
1490 [791, 228, 39, 35]
1491 [795, 232, 39, 35]
1492 [795, 232, 39, 35]
1493 [795, 228, 39, 35]
1494 [791, 232, 39, 35]
1495 [791, 232, 39, 35]
1496 [791, 228, 39, 35]
1497 [795, 232, 39, 35]
1498 [799, 232, 39, 35]
1499 [799, 228, 39, 35]
1500 [795, 228, 39, 35]
1501 [795, 232, 39, 35]
1502 [795, 232, 39, 35]
1503 [795, 232, 39, 35]
1504 [803, 232, 39, 35]
1505 [803, 232, 39, 35]
1506 [799, 232, 39, 35]
1507 [799, 236, 39, 35]
1508 [799, 232, 39, 35]
1509 [799, 232, 39, 35]
1510 [807, 232, 39, 35]
1511 [807, 232, 39, 35]
1512 [807, 228, 39, 35]
1513 [803, 228, 39, 35]
1514 [799, 232, 39, 35]
1515 [799, 228, 39, 35]
1516 [803, 228, 39, 35]
1517 [807, 228, 39, 35]
1518 [803, 228, 39, 35]
1519 [803, 228, 39, 35]
1520 [799, 232, 39, 35]
1521 [795, 232, 39, 35]
1522 [799, 232, 39, 35]
1523 [803, 232, 39, 35]
1524 [799, 232, 39, 35]
1525 [799, 236, 39, 35]
1526 [795, 236, 39, 35]
1527 [795, 236, 39, 35]
1528 [799, 240, 39, 35]
1529 [799, 240, 39, 35]
1530 [799, 240, 39, 35]
1531 [795, 248, 39, 35]
1532 [791, 248, 39, 35]
1533 [795, 248, 39, 35]
1534 [799, 252, 39, 35]
1535 [799, 252, 39, 35]
1536 [799, 252, 39, 35]
1537 [799, 256, 39, 35]
1538 [795, 260, 39, 35]
1539 [799, 256, 39, 35]
1540 [803, 260, 39, 35]
1541 [803, 260, 39, 35]
1542 [803, 260, 39, 35]
1543 [803, 264, 39, 35]
1544 [799, 264, 39, 35]
1545 [795, 264, 39, 35]
1546 [799, 264, 39, 35]
1547 [803, 268, 39, 35]
1548 [803, 264, 39, 35]
1549 [799, 264, 39, 35]
1550 [795, 264, 39, 35]
1551 [795, 264, 39, 35]
1552 [799, 264, 39, 35]
1553 [799, 264, 39, 35]
1554 [795, 260, 39, 35]
1555 [791, 264, 39, 35]
1556 [787, 268, 39, 35]
1557 [787, 268, 39, 35]
1558 [791, 268, 39, 35]
1559 [791, 268, 39, 35]
1560 [787, 268, 39, 35]
1561 [783, 272, 39, 35]
1562 [779, 272, 39, 35]
1563 [779, 268, 39, 35]
1564 [783, 260, 39, 35]
1565 [783, 244, 39, 35]
1566 [775, 228, 39, 35]
1612 [959, 788, 46, 42]
1613 [959, 792, 46, 42]
1614 [959, 788, 46, 42]
1615 [967, 788, 46, 42]
1616 [975, 788, 46, 42]
1617 [975, 788, 46, 42]
1618 [975, 788, 46, 42]
1619 [975, 788, 46, 42]
1620 [979, 788, 46, 42]
1621 [987, 788, 46, 42]
1622 [995, 788, 46, 42]
1623 [999, 784, 46, 42]
1624 [1003, 784, 46, 42]
1625 [1007, 784, 46, 42]
1626 [1007, 784, 46, 42]
1627 [1011, 784, 46, 42]
1628 [1019, 784, 46, 42]
1629 [1023, 780, 46, 42]
1630 [1027, 776, 46, 42]
1631 [1027, 780, 46, 42]
1632 [1027, 784, 46, 42]
1633 [1027, 780, 46, 42]
1634 [1039, 784, 46, 42]
1635 [1039, 780, 46, 42]
1636 [1039, 780, 46, 42]
1637 [1039, 784, 46, 42]
1638 [1039, 784, 46, 42]
1639 [1047, 784, 46, 42]
1640 [1055, 784, 46, 42]
1641 [1055, 784, 46, 42]
1642 [1055, 788, 46, 42]
1643 [1055, 788, 46, 42]
1644 [1059, 788, 46, 42]
1645 [1067, 792, 46, 42]
1646 [1071, 788, 46, 42]
1647 [1071, 792, 46, 42]
1648 [1071, 796, 46, 42]
1649 [1071, 796, 46, 42]
1650 [1083, 796, 46, 42]
1651 [1087, 796, 46, 42]
1652 [1087, 796, 46, 42]
1653 [1087, 800, 46, 42]
1654 [1087, 800, 46, 42]
1655 [1095, 800, 46, 42]
1656 [1103, 804, 46, 42]
1657 [1103, 804, 46, 42]
1658 [1103, 808, 46, 42]
1659 [1103, 808, 46, 42]
1660 [1107, 808, 46, 42]
1661 [1115, 812, 46, 42]
1662 [1119, 808, 46, 42]
1663 [1119, 812, 46, 42]
1664 [1119, 816, 46, 42]
1665 [1119, 816, 46, 42]
1666 [1103, 816, 46, 42]
1667 [1107, 812, 46, 42]
1668 [1107, 812, 46, 42]
1669 [1107, 820, 46, 42]
1670 [1111, 816, 46, 42]
1671 [1119, 820, 46, 42]
1672 [1119, 816, 46, 42]
1673 [1123, 820, 46, 42]
1674 [1123, 824, 46, 42]
1675 [1123, 824, 46, 42]
1676 [1131, 832, 46, 42]
1677 [1135, 840, 46, 42]
1678 [1135, 856, 46, 42]
1679 [1131, 872, 46, 42]
1680 [1135, 888, 46, 42]
1681 [1143, 904, 46, 42]
1682 [1147, 920, 46, 42]
1683 [1151, 940, 46, 42]
1684 [1155, 948, 46, 42]
1685 [1163, 956, 46, 42]
1686 [1167, 960, 46, 42]
1687 [1167, 968, 46, 42]
1688 [1167, 968, 46, 42]
1689 [1179, 976, 46, 42]
1690 [1183, 980, 46, 42]
1691 [1179, 980, 46, 42]
1692 [1179, 988, 46, 42]
1693 [1179, 988, 46, 42]
1694 [1187, 996, 46, 42]
1695 [1187, 996, 46, 42]
1696 [1183, 1000, 46, 42]
1697 [1179, 1004, 46, 42]
1698 [1183, 1012, 46, 42]
1699 [1183, 1016, 46, 42]
1700 [1179, 1024, 46, 42]
1701 [1179, 1036, 46, 42]
1702 [1179, 1044, 46, 42]
1703 [1183, 1052, 46, 42]
1704 [1179, 1060, 46, 42]
1705 [1187, 1052, 46, 42]
1730 [1050, 745, 16, 15]
1731 [1054, 745, 16, 15]
1816 [353, 626, 11, 11]
1817 [353, 626, 11, 11]
1930 [1869, 590, 30, 14]
1931 [1865, 586, 30, 14]
1932 [1865, 586, 30, 14]
1933 [1861, 582, 30, 14]
1934 [1853, 578, 30, 14]
1935 [1853, 578, 30, 14]
1936 [1845, 574, 30, 14]
1937 [1837, 574, 30, 14]
1938 [1833, 574, 30, 14]
1939 [1829, 570, 30, 14]
1940 [1821, 566, 30, 14]
1941 [1821, 566, 30, 14]
1942 [1817, 562, 30, 14]
1943 [1817, 562, 30, 14]
1944 [1817, 558, 30, 14]
1945 [1817, 558, 30, 14]
1946 [1809, 554, 30, 14]
1947 [1805, 550, 30, 14]
1948 [1805, 550, 30, 14]
1949 [1797, 546, 30, 14]
1950 [1793, 546, 30, 14]
1951 [1789, 546, 30, 14]
1952 [1785, 546, 30, 14]
1953 [1777, 542, 30, 14]
1954 [1781, 542, 30, 14]
1955 [1773, 538, 30, 14]
1956 [1773, 538, 30, 14]
1957 [1773, 538, 30, 14]
1958 [1773, 538, 30, 14]
1959 [1769, 534, 30, 14]
1960 [1769, 534, 30, 14]
1961 [1772, 524, 45, 32]
1962 [1768, 524, 45, 32]
1963 [1764, 524, 45, 32]
1964 [1760, 524, 45, 32]
1965 [1756, 524, 45, 32]
1966 [1752, 520, 45, 32]
1967 [1748, 516, 45, 32]
1968 [1748, 512, 45, 32]
1969 [1748, 508, 45, 32]
1970 [1752, 508, 45, 32]
1971 [1748, 504, 45, 32]
1972 [1748, 500, 45, 32]
1973 [1744, 496, 45, 32]
1974 [1740, 492, 45, 32]
1975 [1736, 496, 45, 32]
1976 [1732, 492, 45, 32]
1977 [1724, 488, 45, 32]
1978 [1724, 488, 45, 32]
1979 [1728, 488, 45, 32]
1980 [1728, 484, 45, 32]
1981 [1724, 476, 45, 32]
1982 [1720, 476, 45, 32]
1983 [1716, 476, 45, 32]
1984 [1712, 476, 45, 32]
1985 [1708, 472, 45, 32]
1986 [1708, 468, 45, 32]
1987 [1708, 464, 45, 32]
1988 [1708, 464, 45, 32]
1989 [1708, 460, 45, 32]
1990 [1704, 456, 45, 32]
1991 [1700, 456, 45, 32]
1992 [1696, 456, 45, 32]
1993 [1692, 452, 45, 32]
1994 [1692, 448, 45, 32]
1995 [1692, 448, 45, 32]
1996 [1692, 448, 45, 32]
1997 [1692, 440, 45, 32]
1998 [1688, 440, 45, 32]
1999 [1684, 444, 45, 32]
2000 [1676, 440, 45, 32]
2001 [1676, 436, 45, 32]
2002 [1680, 436, 45, 32]
2003 [1680, 432, 45, 32]
2004 [1676, 428, 45, 32]
2005 [1676, 424, 45, 32]
2006 [1672, 428, 45, 32]
2007 [1668, 424, 45, 32]
2008 [1664, 420, 45, 32]
2009 [1668, 420, 45, 32]
2010 [1672, 420, 45, 32]
2011 [1672, 416, 45, 32]
2012 [1668, 416, 45, 32]
2013 [1664, 416, 45, 32]
2014 [1660, 412, 45, 32]
2015 [1660, 412, 45, 32]
2016 [1668, 412, 45, 32]
2017 [1668, 412, 45, 32]
2018 [1664, 404, 45, 32]
2019 [1660, 408, 45, 32]
2020 [1660, 408, 45, 32]
2021 [1656, 404, 45, 32]
2022 [1660, 404, 45, 32]
2023 [1664, 404, 45, 32]
2024 [1660, 396, 45, 32]
2025 [1660, 396, 45, 32]
2026 [1656, 396, 45, 32]
2027 [1652, 392, 45, 32]
2028 [1656, 388, 45, 32]
2029 [1660, 388, 45, 32]
2030 [1656, 384, 45, 32]
2031 [1656, 380, 45, 32]
2032 [1652, 380, 45, 32]
2033 [1648, 380, 45, 32]
2034 [1652, 376, 45, 32]
2035 [1656, 376, 45, 32]
2036 [1652, 372, 45, 32]
2037 [1652, 372, 45, 32]
2038 [1648, 376, 45, 32]
2039 [1644, 372, 45, 32]
2040 [1648, 376, 45, 32]
2041 [1652, 376, 45, 32]
2042 [1648, 372, 45, 32]
2043 [1648, 376, 45, 32]
2044 [1644, 376, 45, 32]
2045 [1644, 376, 45, 32]
2046 [1648, 380, 45, 32]
2047 [1652, 376, 45, 32]
2048 [1648, 372, 45, 32]
2049 [1648, 376, 45, 32]
2050 [1644, 376, 45, 32]
2051 [1648, 372, 45, 32]
2052 [1652, 372, 45, 32]
2053 [1652, 372, 45, 32]
2054 [1648, 368, 45, 32]
2055 [1648, 372, 45, 32]
2056 [1644, 368, 45, 32]
2057 [1644, 368, 45, 32]
2058 [1648, 368, 45, 32]
2059 [1648, 364, 45, 32]
2060 [1644, 364, 45, 32]
2061 [1644, 368, 45, 32]
2062 [1636, 368, 45, 32]
2063 [1636, 364, 45, 32]
2064 [1640, 364, 45, 32]
2065 [1644, 364, 45, 32]
2066 [1640, 360, 45, 32]
2067 [1636, 364, 45, 32]
2068 [1636, 364, 45, 32]
2069 [1632, 364, 45, 32]
2070 [1632, 364, 45, 32]
2071 [1636, 364, 45, 32]
2072 [1640, 364, 45, 32]
2073 [1640, 364, 45, 32]
2074 [1644, 364, 45, 32]
2075 [1644, 364, 45, 32]
2076 [1640, 360, 45, 32]
2077 [1640, 360, 45, 32]
2078 [1640, 364, 45, 32]
2079 [1636, 364, 45, 32]
2080 [1636, 364, 45, 32]
2081 [1636, 360, 45, 32]
2082 [1640, 360, 45, 32]
2083 [1644, 360, 45, 32]
2084 [1644, 356, 45, 32]
2085 [1644, 356, 45, 32]
2086 [1644, 356, 45, 32]
2087 [1640, 360, 45, 32]
2088 [1636, 360, 45, 32]
2089 [1636, 356, 45, 32]
2090 [1640, 356, 45, 32]
2091 [1644, 356, 45, 32]
2092 [1640, 352, 45, 32]
2093 [1640, 352, 45, 32]
2094 [1636, 356, 45, 32]
2095 [1636, 356, 45, 32]
2096 [1632, 356, 45, 32]
2097 [1632, 352, 45, 32]
2098 [1636, 356, 45, 32]
2099 [1640, 352, 45, 32]
2100 [1640, 348, 45, 32]
2101 [1636, 348, 45, 32]
2102 [1636, 348, 45, 32]
2103 [1632, 348, 45, 32]
2104 [1632, 344, 45, 32]
2105 [1636, 344, 45, 32]
2106 [1640, 344, 45, 32]
2107 [1640, 340, 45, 32]
2108 [1640, 336, 45, 32]
2109 [1640, 336, 45, 32]
2110 [1636, 336, 45, 32]
2111 [1636, 332, 45, 32]
2112 [1640, 332, 45, 32]
2113 [1644, 332, 45, 32]
2114 [1644, 328, 45, 32]
2115 [1644, 324, 45, 32]
2116 [1640, 328, 45, 32]
2117 [1636, 328, 45, 32]
2118 [1636, 324, 45, 32]
2119 [1636, 324, 45, 32]
2120 [1640, 324, 45, 32]
2121 [1644, 324, 45, 32]
2122 [1644, 324, 45, 32]
2123 [1640, 320, 45, 32]
2124 [1640, 324, 45, 32]
2125 [1636, 324, 45, 32]
2126 [1636, 320, 45, 32]
2127 [1640, 320, 45, 32]
2128 [1644, 320, 45, 32]
2129 [1648, 320, 45, 32]
2130 [1648, 316, 45, 32]
2131 [1648, 316, 45, 32]
2132 [1648, 320, 45, 32]
2133 [1648, 320, 45, 32]
2134 [1644, 320, 45, 32]
2135 [1648, 324, 45, 32]
2136 [1656, 324, 45, 32]
2137 [1656, 324, 45, 32]
2138 [1656, 320, 45, 32]
2139 [1656, 324, 45, 32]
2140 [1656, 324, 45, 32]
2141 [1656, 324, 45, 32]
2142 [1660, 324, 45, 32]
2143 [1668, 324, 45, 32]
2144 [1672, 324, 45, 32]
2145 [1672, 320, 45, 32]
2146 [1668, 324, 45, 32]
2147 [1668, 328, 45, 32]
2148 [1668, 328, 45, 32]
2149 [1668, 328, 45, 32]
2150 [1672, 328, 45, 32]
2151 [1676, 328, 45, 32]
2152 [1672, 324, 45, 32]
2153 [1672, 324, 45, 32]
2154 [1672, 328, 45, 32]
2155 [1668, 328, 45, 32]
2156 [1668, 324, 45, 32]
2157 [1668, 324, 45, 32]
2158 [1672, 328, 45, 32]
2159 [1676, 328, 45, 32]
2160 [1672, 324, 45, 32]
2161 [1672, 324, 45, 32]
2162 [1668, 328, 45, 32]
2163 [1668, 328, 45, 32]
2164 [1672, 328, 45, 32]
2165 [1676, 332, 45, 32]
2166 [1676, 332, 45, 32]
2167 [1676, 332, 45, 32]
2168 [1672, 336, 45, 32]
2169 [1672, 336, 45, 32]
2170 [1672, 340, 45, 32]
2171 [1676, 340, 45, 32]
2172 [1684, 344, 45, 32]
2173 [1684, 340, 45, 32]
2174 [1684, 340, 45, 32]
2175 [1684, 340, 45, 32]
2176 [1684, 344, 45, 32]
2177 [1684, 348, 45, 32]
2178 [1684, 348, 45, 32]
2179 [1688, 348, 45, 32]
2180 [1692, 348, 45, 32]
2181 [1696, 348, 45, 32]
2182 [1696, 344, 45, 32]
2183 [1696, 344, 45, 32]
2184 [1692, 348, 45, 32]
2185 [1692, 352, 45, 32]
2186 [1688, 348, 45, 32]
2187 [1692, 348, 45, 32]
2188 [1696, 348, 45, 32]
2189 [1696, 348, 45, 32]
2190 [1696, 348, 45, 32]
2191 [1696, 348, 45, 32]
2192 [1692, 352, 45, 32]
2193 [1692, 348, 45, 32]
2194 [1696, 352, 45, 32]
2195 [1696, 352, 45, 32]
2196 [1696, 352, 45, 32]
2197 [1696, 348, 45, 32]
2198 [1692, 356, 45, 32]
2199 [1692, 356, 45, 32]
2200 [1688, 356, 45, 32]
2201 [1692, 356, 45, 32]
2202 [1696, 360, 45, 32]
2203 [1700, 356, 45, 32]
2204 [1696, 356, 45, 32]
2205 [1696, 356, 45, 32]
2206 [1696, 360, 45, 32]
2207 [1692, 364, 45, 32]
2208 [1692, 360, 45, 32]
2209 [1696, 364, 45, 32]
2210 [1700, 364, 45, 32]
2211 [1700, 364, 45, 32]
2212 [1700, 360, 45, 32]
2213 [1700, 364, 45, 32]
2214 [1696, 364, 45, 32]
2215 [1696, 364, 45, 32]
2216 [1704, 364, 45, 32]
2217 [1704, 364, 45, 32]
2218 [1704, 364, 45, 32]
2219 [1700, 364, 45, 32]
2220 [1700, 364, 45, 32]
2221 [1700, 364, 45, 32]
2222 [1704, 368, 45, 32]
2223 [1704, 364, 45, 32]
2224 [1704, 368, 45, 32]
2225 [1700, 368, 45, 32]
2226 [1700, 368, 45, 32]
2227 [1708, 368, 45, 32]
2228 [1704, 368, 45, 32]
2229 [1704, 372, 45, 32]
2230 [1700, 372, 45, 32]
2231 [1700, 372, 45, 32]
2232 [1708, 372, 45, 32]
2233 [1704, 372, 45, 32]
2234 [1704, 376, 45, 32]
2235 [1700, 376, 45, 32]
2236 [1704, 380, 45, 32]
2237 [1708, 380, 45, 32]
2238 [1704, 380, 45, 32]
2239 [1704, 384, 45, 32]
2240 [1700, 388, 45, 32]
2241 [1704, 388, 45, 32]
2242 [1708, 388, 45, 32]
2243 [1704, 388, 45, 32]
2244 [1704, 392, 45, 32]
2245 [1700, 392, 45, 32]
2246 [1700, 392, 45, 32]
2247 [1708, 392, 45, 32]
2248 [1708, 388, 45, 32]
2249 [1704, 388, 45, 32]
