32 [1876, 664, 31, 33]
33 [1876, 664, 31, 33]
34 [1876, 668, 31, 33]
35 [1872, 672, 31, 33]
36 [1868, 676, 31, 33]
37 [1860, 680, 31, 33]
38 [1860, 688, 31, 33]
39 [1856, 688, 31, 33]
40 [1856, 688, 31, 33]
41 [1852, 692, 31, 33]
42 [1848, 696, 31, 33]
43 [1844, 700, 31, 33]
44 [1844, 704, 31, 33]
45 [1840, 704, 31, 33]
46 [1836, 700, 31, 33]
47 [1862, 692, 52, 39]
48 [1862, 692, 52, 39]
49 [1854, 696, 52, 39]
50 [1850, 696, 52, 39]
51 [1846, 696, 52, 39]
52 [1846, 700, 52, 39]
53 [1842, 696, 52, 39]
54 [1838, 696, 52, 39]
55 [1834, 700, 52, 39]
56 [1830, 704, 52, 39]
57 [1822, 704, 52, 39]
58 [1822, 704, 52, 39]
59 [1818, 704, 52, 39]
60 [1814, 704, 52, 39]
61 [1810, 708, 52, 39]
62 [1806, 708, 52, 39]
63 [1798, 708, 52, 39]
64 [1798, 712, 52, 39]
65 [1794, 716, 52, 39]
66 [1790, 712, 52, 39]
67 [1790, 716, 52, 39]
68 [1782, 716, 52, 39]
69 [1778, 720, 52, 39]
70 [1774, 720, 52, 39]
71 [1770, 724, 52, 39]
72 [1766, 724, 52, 39]
73 [1766, 724, 52, 39]
74 [1758, 724, 52, 39]
75 [1750, 728, 52, 39]
76 [1746, 728, 52, 39]
77 [1721, 690, 183, 97]
78 [1717, 690, 183, 97]
79 [1713, 690, 183, 97]
80 [1709, 690, 183, 97]
81 [1705, 690, 183, 97]
82 [1697, 690, 183, 97]
83 [1693, 694, 183, 97]
84 [1685, 694, 183, 97]
85 [1685, 690, 183, 97]
86 [1677, 690, 183, 97]
87 [1673, 690, 183, 97]
88 [1665, 690, 183, 97]
89 [1657, 694, 183, 97]
90 [1653, 690, 183, 97]
91 [1649, 690, 183, 97]
92 [1645, 690, 183, 97]
93 [1641, 686, 183, 97]
94 [1637, 686, 183, 97]
95 [1629, 690, 183, 97]
96 [1625, 690, 183, 97]
97 [1621, 690, 183, 97]
98 [1613, 690, 183, 97]
99 [1613, 690, 183, 97]
100 [1609, 690, 183, 97]
101 [1605, 690, 183, 97]
102 [1597, 694, 183, 97]
103 [1593, 694, 183, 97]
104 [1585, 694, 183, 97]
105 [1581, 698, 183, 97]
106 [1581, 694, 183, 97]
107 [1573, 694, 183, 97]
108 [1569, 694, 183, 97]
109 [1561, 694, 183, 97]
110 [1553, 694, 183, 97]
111 [1549, 694, 183, 97]
112 [1545, 694, 183, 97]
113 [1541, 694, 183, 97]
114 [1537, 694, 183, 97]
115 [1529, 698, 183, 97]
116 [1521, 698, 183, 97]
117 [1517, 698, 183, 97]
118 [1509, 694, 183, 97]
119 [1505, 694, 183, 97]
120 [1501, 690, 183, 97]
121 [1493, 690, 183, 97]
122 [1485, 686, 183, 97]
123 [1477, 690, 183, 97]
124 [1469, 686, 183, 97]
125 [1465, 686, 183, 97]
126 [1461, 682, 183, 97]
127 [1453, 682, 183, 97]
128 [1445, 682, 183, 97]
129 [1437, 686, 183, 97]
130 [1429, 686, 183, 97]
131 [1425, 686, 183, 97]
132 [1417, 686, 183, 97]
133 [1413, 690, 183, 97]
134 [1405, 690, 183, 97]
135 [1397, 690, 183, 97]
136 [1393, 690, 183, 97]
137 [1385, 690, 183, 97]
138 [1381, 690, 183, 97]
139 [1377, 686, 183, 97]
140 [1369, 686, 183, 97]
141 [1361, 686, 183, 97]
142 [1353, 686, 183, 97]
143 [1345, 682, 183, 97]
144 [1341, 682, 183, 97]
145 [1337, 678, 183, 97]
146 [1329, 678, 183, 97]
147 [1321, 674, 183, 97]
148 [1317, 674, 183, 97]
149 [1305, 674, 183, 97]
150 [1301, 670, 183, 97]
151 [1293, 670, 183, 97]
152 [1285, 670, 183, 97]
153 [1281, 666, 183, 97]
154 [1273, 666, 183, 97]
155 [1265, 666, 183, 97]
156 [1257, 666, 183, 97]
157 [1249, 666, 183, 97]
158 [1245, 662, 183, 97]
159 [1237, 658, 183, 97]
160 [1233, 658, 183, 97]
161 [1225, 654, 183, 97]
162 [1217, 654, 183, 97]
163 [1209, 650, 183, 97]
164 [1201, 646, 183, 97]
165 [1197, 646, 183, 97]
166 [1193, 642, 183, 97]
167 [1185, 638, 183, 97]
168 [1181, 638, 183, 97]
169 [1173, 642, 183, 97]
170 [1165, 642, 183, 97]
171 [1157, 642, 183, 97]
172 [1153, 642, 183, 97]
173 [1145, 642, 183, 97]
174 [1137, 642, 183, 97]
175 [1129, 642, 183, 97]
176 [1121, 642, 183, 97]
177 [1113, 642, 183, 97]
178 [1109, 642, 183, 97]
179 [1105, 638, 183, 97]
180 [1097, 634, 183, 97]
181 [1089, 634, 183, 97]
182 [1081, 634, 183, 97]
183 [1073, 630, 183, 97]
184 [1065, 622, 183, 97]
185 [1057, 618, 183, 97]
186 [1053, 614, 183, 97]
187 [1041, 610, 183, 97]
188 [1033, 602, 183, 97]
189 [1025, 598, 183, 97]
190 [1021, 594, 183, 97]
191 [1013, 590, 183, 97]
192 [1005, 590, 183, 97]
193 [997, 590, 183, 97]
194 [989, 586, 183, 97]
195 [985, 582, 183, 97]
196 [902, 565, 258, 120]
197 [894, 565, 258, 120]
198 [890, 561, 258, 120]
199 [886, 557, 258, 120]
200 [878, 557, 258, 120]
201 [874, 553, 258, 120]
202 [870, 549, 258, 120]
203 [866, 545, 258, 120]
204 [858, 545, 258, 120]
205 [854, 541, 258, 120]
206 [850, 537, 258, 120]
207 [842, 537, 258, 120]
208 [838, 533, 258, 120]
209 [834, 533, 258, 120]
210 [826, 533, 258, 120]
211 [822, 529, 258, 120]
212 [814, 529, 258, 120]
213 [810, 525, 258, 120]
214 [806, 525, 258, 120]
215 [798, 521, 258, 120]
216 [794, 521, 258, 120]
217 [786, 521, 258, 120]
218 [786, 517, 258, 120]
219 [774, 517, 258, 120]
220 [770, 517, 258, 120]
221 [766, 513, 258, 120]
222 [758, 517, 258, 120]
223 [750, 517, 258, 120]
224 [750, 513, 258, 120]
225 [742, 517, 258, 120]
226 [734, 517, 258, 120]
227 [730, 513, 258, 120]
228 [726, 513, 258, 120]
229 [718, 517, 258, 120]
230 [714, 513, 258, 120]
231 [710, 513, 258, 120]
232 [706, 513, 258, 120]
233 [698, 513, 258, 120]
234 [694, 513, 258, 120]
235 [690, 517, 258, 120]
236 [682, 517, 258, 120]
237 [678, 517, 258, 120]
238 [674, 517, 258, 120]
239 [670, 521, 258, 120]
240 [662, 521, 258, 120]
241 [658, 521, 258, 120]
242 [654, 521, 258, 120]
243 [646, 521, 258, 120]
244 [642, 521, 258, 120]
245 [638, 521, 258, 120]
246 [634, 521, 258, 120]
247 [626, 521, 258, 120]
248 [622, 517, 258, 120]
249 [618, 517, 258, 120]
250 [614, 517, 258, 120]
251 [606, 517, 258, 120]
252 [602, 517, 258, 120]
253 [598, 517, 258, 120]
254 [590, 517, 258, 120]
255 [582, 517, 258, 120]
256 [578, 517, 258, 120]
257 [574, 521, 258, 120]
258 [566, 521, 258, 120]
259 [562, 521, 258, 120]
260 [558, 521, 258, 120]
261 [554, 521, 258, 120]
262 [546, 521, 258, 120]
263 [542, 517, 258, 120]
264 [542, 517, 258, 120]
265 [534, 517, 258, 120]
266 [526, 513, 258, 120]
267 [526, 513, 258, 120]
268 [522, 509, 258, 120]
269 [514, 509, 258, 120]
270 [510, 509, 258, 120]
271 [506, 505, 258, 120]
272 [502, 505, 258, 120]
273 [494, 505, 258, 120]
274 [494, 505, 258, 120]
275 [486, 501, 258, 120]
276 [486, 501, 258, 120]
277 [478, 501, 258, 120]
278 [474, 501, 258, 120]
279 [470, 501, 258, 120]
280 [466, 497, 258, 120]
281 [462, 493, 258, 120]
282 [458, 481, 258, 120]
283 [458, 480, 191, 92]
284 [454, 464, 191, 92]
285 [450, 452, 191, 92]
286 [442, 432, 191, 92]
287 [438, 412, 191, 92]
288 [434, 396, 191, 92]
289 [426, 376, 191, 92]
290 [422, 360, 191, 92]
291 [414, 340, 191, 92]
292 [410, 324, 191, 92]
293 [406, 312, 191, 92]
294 [398, 300, 191, 92]
295 [394, 288, 191, 92]
296 [390, 272, 191, 92]
297 [390, 264, 191, 92]
298 [386, 256, 191, 92]
299 [382, 244, 191, 92]
300 [382, 236, 191, 92]
301 [382, 228, 191, 92]
302 [386, 224, 191, 92]
303 [386, 216, 191, 92]
304 [394, 208, 191, 92]
305 [394, 200, 191, 92]
306 [398, 192, 191, 92]
307 [402, 184, 191, 92]
308 [410, 172, 191, 92]
309 [414, 164, 191, 92]
310 [418, 156, 191, 92]
311 [426, 144, 191, 92]
312 [430, 136, 191, 92]
313 [434, 124, 191, 92]
314 [438, 116, 191, 92]
315 [446, 104, 191, 92]
316 [446, 96, 191, 92]
317 [450, 84, 191, 92]
318 [454, 76, 191, 92]
319 [458, 72, 191, 92]
320 [458, 64, 191, 92]
321 [462, 56, 191, 92]
322 [462, 52, 191, 92]
323 [466, 48, 191, 92]
324 [466, 44, 191, 92]
325 [470, 40, 191, 92]
326 [470, 36, 191, 92]
327 [474, 32, 191, 92]
328 [474, 28, 191, 92]
329 [478, 24, 191, 92]
330 [482, 20, 191, 92]
331 [486, 16, 191, 92]
332 [486, 16, 191, 92]
333 [490, 8, 191, 92]
334 [494, 4, 191, 92]
335 [498, 0, 191, 92]
336 [502, -4, 191, 92]
337 [506, -4, 191, 92]
338 [510, -8, 191, 92]
339 [514, -12, 191, 92]
340 [518, -12, 191, 92]
341 [526, -12, 191, 92]
342 [526, -16, 191, 92]
343 [534, -20, 191, 92]
344 [538, -24, 191, 92]
345 [542, -28, 191, 92]
346 [550, -28, 191, 92]
347 [558, -32, 191, 92]
348 [558, -36, 191, 92]
349 [566, -36, 191, 92]
350 [566, -40, 191, 92]
351 [574, -44, 191, 92]
352 [578, -48, 191, 92]
437 [1075, 29, 73, 78]
438 [1079, 33, 73, 78]
439 [1083, 37, 73, 78]
440 [1083, 45, 73, 78]
441 [1087, 49, 73, 78]
442 [1091, 53, 73, 78]
443 [1095, 57, 73, 78]
444 [1095, 61, 73, 78]
445 [1099, 65, 73, 78]
446 [1103, 65, 73, 78]
447 [1103, 73, 73, 78]
448 [1103, 73, 73, 78]
449 [1111, 77, 73, 78]
450 [1111, 77, 73, 78]
451 [1111, 85, 73, 78]
452 [1111, 89, 73, 78]
453 [1115, 89, 73, 78]
454 [1119, 93, 73, 78]
455 [1119, 97, 73, 78]
456 [1119, 101, 73, 78]
457 [1123, 105, 73, 78]
458 [1123, 105, 73, 78]
459 [1123, 109, 73, 78]
460 [1123, 113, 73, 78]
461 [1127, 117, 73, 78]
462 [1127, 121, 73, 78]
463 [1127, 125, 73, 78]
464 [1127, 129, 73, 78]
465 [1131, 133, 73, 78]
466 [1131, 137, 73, 78]
467 [1131, 141, 73, 78]
468 [1131, 145, 73, 78]
469 [1135, 149, 73, 78]
470 [1142, 160, 56, 70]
471 [1142, 164, 56, 70]
472 [1142, 168, 56, 70]
473 [1142, 168, 56, 70]
474 [1146, 168, 56, 70]
475 [1146, 168, 56, 70]
476 [1146, 168, 56, 70]
477 [1142, 164, 56, 70]
478 [1146, 164, 56, 70]
479 [1146, 164, 56, 70]
480 [1146, 164, 56, 70]
481 [1142, 164, 56, 70]
482 [1142, 168, 56, 70]
483 [1142, 168, 56, 70]
484 [1146, 176, 56, 70]
485 [1142, 180, 56, 70]
486 [1142, 184, 56, 70]
487 [1146, 188, 56, 70]
488 [1146, 192, 56, 70]
489 [1146, 196, 56, 70]
490 [1146, 200, 56, 70]
491 [1150, 204, 56, 70]
492 [1154, 208, 56, 70]
493 [1154, 212, 56, 70]
494 [1154, 212, 56, 70]
495 [1158, 216, 56, 70]
496 [1158, 216, 56, 70]
497 [1158, 220, 56, 70]
498 [1158, 224, 56, 70]
499 [1162, 224, 56, 70]
500 [1162, 220, 56, 70]
501 [1162, 220, 56, 70]
502 [1162, 224, 56, 70]
503 [1158, 224, 56, 70]
504 [1162, 224, 56, 70]
505 [1162, 224, 56, 70]
506 [1158, 228, 56, 70]
507 [1154, 232, 56, 70]
508 [1154, 232, 56, 70]
509 [1154, 236, 56, 70]
510 [1154, 240, 56, 70]
511 [1150, 244, 56, 70]
512 [1146, 248, 56, 70]
513 [1146, 248, 56, 70]
514 [1146, 252, 56, 70]
515 [1142, 256, 56, 70]
516 [1142, 260, 56, 70]
517 [1142, 264, 56, 70]
518 [1142, 268, 56, 70]
519 [1142, 272, 56, 70]
520 [1138, 276, 56, 70]
521 [1138, 276, 56, 70]
522 [1138, 280, 56, 70]
523 [1138, 284, 56, 70]
524 [1134, 288, 56, 70]
525 [1134, 288, 56, 70]
526 [1134, 292, 56, 70]
527 [1134, 296, 56, 70]
528 [1130, 300, 56, 70]
529 [1130, 304, 56, 70]
530 [1130, 304, 56, 70]
531 [1130, 308, 56, 70]
532 [1126, 316, 56, 70]
533 [1126, 320, 56, 70]
534 [1126, 324, 56, 70]
535 [1126, 324, 56, 70]
536 [1122, 328, 56, 70]
537 [1122, 332, 56, 70]
538 [1122, 332, 56, 70]
539 [1122, 332, 56, 70]
540 [1118, 336, 56, 70]
541 [1114, 336, 56, 70]
542 [1114, 340, 56, 70]
543 [1110, 340, 56, 70]
544 [1110, 340, 56, 70]
545 [1106, 344, 56, 70]
546 [1102, 348, 56, 70]
547 [1098, 348, 56, 70]
548 [1098, 348, 56, 70]
549 [1094, 352, 56, 70]
550 [1090, 356, 56, 70]
551 [1086, 356, 56, 70]
552 [1086, 356, 56, 70]
553 [1082, 360, 56, 70]
554 [1078, 364, 56, 70]
555 [1074, 368, 56, 70]
556 [1074, 364, 56, 70]
557 [1074, 368, 56, 70]
558 [1070, 368, 56, 70]
559 [1066, 372, 56, 70]
560 [1066, 372, 56, 70]
561 [1066, 376, 56, 70]
562 [1062, 380, 56, 70]
563 [1058, 384, 56, 70]
564 [1058, 384, 56, 70]
565 [1058, 384, 56, 70]
566 [1054, 388, 56, 70]
567 [1050, 392, 56, 70]
568 [1050, 392, 56, 70]
569 [1046, 392, 56, 70]
570 [1046, 392, 56, 70]
571 [1042, 392, 56, 70]
572 [1038, 392, 56, 70]
573 [1038, 388, 56, 70]
574 [1034, 388, 56, 70]
575 [1030, 384, 56, 70]
576 [1026, 380, 56, 70]
577 [1022, 384, 56, 70]
578 [1009, 385, 84, 73]
579 [1005, 381, 84, 73]
580 [1001, 385, 84, 73]
581 [993, 385, 84, 73]
582 [993, 385, 84, 73]
583 [989, 389, 84, 73]
584 [981, 393, 84, 73]
585 [981, 393, 84, 73]
586 [977, 397, 84, 73]
587 [973, 401, 84, 73]
588 [969, 401, 84, 73]
589 [969, 405, 84, 73]
590 [965, 405, 84, 73]
591 [965, 405, 84, 73]
592 [965, 405, 84, 73]
593 [957, 405, 84, 73]
594 [957, 405, 84, 73]
595 [957, 405, 84, 73]
596 [953, 405, 84, 73]
597 [949, 405, 84, 73]
598 [949, 401, 84, 73]
599 [941, 405, 84, 73]
600 [937, 405, 84, 73]
601 [937, 405, 84, 73]
602 [929, 405, 84, 73]
603 [925, 405, 84, 73]
604 [921, 405, 84, 73]
605 [917, 405, 84, 73]
606 [913, 405, 84, 73]
607 [913, 405, 84, 73]
608 [905, 405, 84, 73]
609 [901, 409, 84, 73]
610 [901, 405, 84, 73]
611 [893, 409, 84, 73]
612 [889, 409, 84, 73]
613 [885, 409, 84, 73]
614 [885, 409, 84, 73]
615 [877, 413, 84, 73]
616 [877, 413, 84, 73]
617 [873, 413, 84, 73]
618 [869, 413, 84, 73]
619 [869, 413, 84, 73]
620 [865, 413, 84, 73]
621 [861, 417, 84, 73]
622 [861, 417, 84, 73]
623 [861, 417, 84, 73]
624 [853, 417, 84, 73]
625 [853, 417, 84, 73]
626 [853, 413, 84, 73]
627 [845, 413, 84, 73]
628 [845, 413, 84, 73]
629 [841, 409, 84, 73]
630 [837, 409, 84, 73]
631 [833, 409, 84, 73]
632 [829, 409, 84, 73]
633 [825, 409, 84, 73]
634 [821, 413, 84, 73]
635 [814, 423, 76, 53]
636 [814, 423, 76, 53]
637 [806, 423, 76, 53]
638 [802, 423, 76, 53]
639 [798, 423, 76, 53]
640 [798, 419, 76, 53]
641 [794, 419, 76, 53]
642 [790, 415, 76, 53]
643 [786, 411, 76, 53]
644 [786, 411, 76, 53]
645 [782, 411, 76, 53]
646 [778, 411, 76, 53]
647 [774, 411, 76, 53]
648 [770, 411, 76, 53]
649 [766, 411, 76, 53]
650 [766, 411, 76, 53]
651 [762, 411, 76, 53]
652 [758, 411, 76, 53]
653 [754, 411, 76, 53]
654 [750, 411, 76, 53]
655 [750, 407, 76, 53]
656 [746, 411, 76, 53]
657 [738, 411, 76, 53]
658 [734, 411, 76, 53]
659 [734, 411, 76, 53]
660 [730, 407, 76, 53]
661 [726, 411, 76, 53]
662 [722, 407, 76, 53]
663 [718, 411, 76, 53]
664 [714, 411, 76, 53]
665 [714, 407, 76, 53]
666 [710, 407, 76, 53]
667 [706, 411, 76, 53]
668 [702, 407, 76, 53]
669 [702, 407, 76, 53]
670 [698, 407, 76, 53]
671 [694, 407, 76, 53]
672 [690, 407, 76, 53]
673 [686, 407, 76, 53]
674 [686, 407, 76, 53]
675 [682, 407, 76, 53]
676 [678, 407, 76, 53]
677 [678, 407, 76, 53]
678 [670, 407, 76, 53]
679 [670, 407, 76, 53]
680 [666, 403, 76, 53]
681 [662, 403, 76, 53]
682 [658, 403, 76, 53]
683 [658, 395, 76, 53]
684 [650, 391, 76, 53]
685 [650, 387, 76, 53]
686 [646, 379, 76, 53]
687 [642, 375, 76, 53]
688 [638, 371, 76, 53]
689 [634, 371, 76, 53]
690 [634, 367, 76, 53]
691 [626, 367, 76, 53]
692 [622, 367, 76, 53]
693 [622, 363, 76, 53]
694 [618, 363, 76, 53]
695 [614, 355, 76, 53]
696 [610, 351, 76, 53]
697 [610, 343, 76, 53]
698 [606, 331, 76, 53]
699 [602, 323, 76, 53]
700 [598, 311, 76, 53]
701 [594, 303, 76, 53]
702 [590, 295, 76, 53]
703 [586, 287, 76, 53]
704 [582, 279, 76, 53]
705 [578, 271, 76, 53]
706 [578, 263, 76, 53]
707 [574, 251, 76, 53]
708 [574, 243, 76, 53]
709 [570, 231, 76, 53]
710 [570, 219, 76, 53]
711 [570, 211, 76, 53]
712 [570, 195, 76, 53]
713 [570, 187, 76, 53]
714 [570, 175, 76, 53]
715 [574, 167, 76, 53]
716 [574, 151, 76, 53]
717 [578, 143, 76, 53]
718 [578, 131, 76, 53]
719 [578, 119, 76, 53]
720 [582, 107, 76, 53]
721 [586, 91, 76, 53]
722 [590, 83, 76, 53]
723 [590, 75, 76, 53]
724 [590, 67, 76, 53]
725 [594, 55, 76, 53]
726 [598, 43, 76, 53]
727 [598, 35, 76, 53]
728 [602, 27, 76, 53]
729 [606, 19, 76, 53]
730 [610, 7, 76, 53]
731 [614, 0, 76, 53]
732 [614, -8, 76, 53]
733 [622, -16, 76, 53]
734 [626, -24, 76, 53]
735 [630, -32, 76, 53]
836 [1246, 39, 95, 46]
837 [1250, 47, 95, 46]
838 [1250, 51, 95, 46]
839 [1258, 55, 95, 46]
840 [1262, 55, 95, 46]
841 [1262, 63, 95, 46]
842 [1266, 63, 95, 46]
843 [1270, 63, 95, 46]
844 [1274, 67, 95, 46]
845 [1274, 71, 95, 46]
846 [1278, 75, 95, 46]
847 [1291, 79, 73, 35]
848 [1295, 79, 73, 35]
849 [1295, 87, 73, 35]
850 [1295, 91, 73, 35]
851 [1299, 95, 73, 35]
852 [1303, 95, 73, 35]
853 [1303, 103, 73, 35]
854 [1303, 107, 73, 35]
855 [1307, 111, 73, 35]
856 [1307, 115, 73, 35]
857 [1307, 123, 73, 35]
858 [1307, 127, 73, 35]
859 [1311, 131, 73, 35]
860 [1315, 135, 73, 35]
861 [1315, 139, 73, 35]
862 [1319, 147, 73, 35]
863 [1323, 147, 73, 35]
864 [1323, 151, 73, 35]
865 [1323, 159, 73, 35]
866 [1327, 163, 73, 35]
867 [1331, 163, 73, 35]
868 [1335, 167, 73, 35]
869 [1335, 171, 73, 35]
870 [1339, 175, 73, 35]
871 [1339, 175, 73, 35]
872 [1343, 175, 73, 35]
873 [1343, 179, 73, 35]
874 [1343, 183, 73, 35]
875 [1347, 183, 73, 35]
876 [1347, 183, 73, 35]
877 [1347, 187, 73, 35]
878 [1347, 191, 73, 35]
879 [1347, 191, 73, 35]
880 [1351, 195, 73, 35]
881 [1347, 199, 73, 35]
882 [1347, 203, 73, 35]
883 [1347, 207, 73, 35]
884 [1351, 207, 73, 35]
885 [1347, 211, 73, 35]
886 [1347, 219, 73, 35]
887 [1347, 219, 73, 35]
888 [1351, 223, 73, 35]
889 [1351, 231, 73, 35]
890 [1347, 235, 73, 35]
891 [1351, 235, 73, 35]
892 [1351, 239, 73, 35]
893 [1351, 243, 73, 35]
894 [1351, 247, 73, 35]
895 [1351, 247, 73, 35]
896 [1355, 247, 73, 35]
897 [1355, 247, 73, 35]
898 [1351, 251, 73, 35]
899 [1355, 251, 73, 35]
900 [1355, 247, 73, 35]
901 [1355, 251, 73, 35]
902 [1355, 255, 73, 35]
903 [1355, 259, 73, 35]
904 [1355, 259, 73, 35]
905 [1355, 259, 73, 35]
906 [1355, 259, 73, 35]
907 [1351, 263, 73, 35]
908 [1351, 267, 73, 35]
909 [1351, 267, 73, 35]
910 [1351, 267, 73, 35]
911 [1351, 271, 73, 35]
912 [1347, 275, 73, 35]
913 [1347, 279, 73, 35]
914 [1347, 279, 73, 35]
915 [1351, 279, 73, 35]
916 [1347, 283, 73, 35]
917 [1347, 287, 73, 35]
918 [1347, 287, 73, 35]
919 [1347, 287, 73, 35]
920 [1343, 291, 73, 35]
921 [1343, 295, 73, 35]
922 [1343, 295, 73, 35]
923 [1343, 295, 73, 35]
924 [1343, 299, 73, 35]
925 [1343, 299, 73, 35]
926 [1343, 303, 73, 35]
927 [1343, 299, 73, 35]
928 [1343, 303, 73, 35]
929 [1339, 303, 73, 35]
930 [1339, 303, 73, 35]
931 [1339, 303, 73, 35]
932 [1339, 303, 73, 35]
933 [1309, 299, 110, 50]
934 [1305, 303, 110, 50]
935 [1305, 303, 110, 50]
936 [1305, 307, 110, 50]
937 [1301, 307, 110, 50]
938 [1301, 311, 110, 50]
939 [1297, 311, 110, 50]
940 [1297, 315, 110, 50]
941 [1297, 315, 110, 50]
942 [1297, 319, 110, 50]
943 [1293, 319, 110, 50]
944 [1293, 323, 110, 50]
945 [1297, 319, 110, 50]
946 [1293, 323, 110, 50]
947 [1293, 323, 110, 50]
948 [1293, 323, 110, 50]
949 [1293, 323, 110, 50]
950 [1293, 323, 110, 50]
951 [1289, 323, 110, 50]
952 [1289, 323, 110, 50]
953 [1289, 323, 110, 50]
954 [1289, 319, 110, 50]
955 [1285, 323, 110, 50]
956 [1285, 323, 110, 50]
957 [1285, 323, 110, 50]
958 [1285, 319, 110, 50]
959 [1281, 323, 110, 50]
960 [1281, 323, 110, 50]
961 [1277, 327, 110, 50]
962 [1277, 327, 110, 50]
963 [1277, 327, 110, 50]
964 [1273, 331, 110, 50]
965 [1273, 335, 110, 50]
966 [1273, 335, 110, 50]
967 [1273, 335, 110, 50]
968 [1273, 339, 110, 50]
969 [1269, 339, 110, 50]
970 [1269, 339, 110, 50]
971 [1269, 339, 110, 50]
972 [1269, 335, 110, 50]
973 [1269, 339, 110, 50]
974 [1265, 335, 110, 50]
975 [1265, 335, 110, 50]
976 [1265, 331, 110, 50]
977 [1265, 331, 110, 50]
978 [1261, 331, 110, 50]
979 [1257, 331, 110, 50]
980 [1257, 327, 110, 50]
981 [1257, 327, 110, 50]
982 [1257, 331, 110, 50]
983 [1249, 331, 110, 50]
984 [1249, 331, 110, 50]
985 [1249, 331, 110, 50]
986 [1249, 331, 110, 50]
987 [1245, 335, 110, 50]
988 [1241, 335, 110, 50]
989 [1245, 335, 110, 50]
990 [1245, 335, 110, 50]
991 [1241, 339, 110, 50]
992 [1241, 339, 110, 50]
993 [1241, 339, 110, 50]
994 [1241, 339, 110, 50]
995 [1237, 339, 110, 50]
996 [1233, 343, 110, 50]
997 [1233, 343, 110, 50]
998 [1233, 343, 110, 50]
999 [1233, 343, 110, 50]
1000 [1229, 343, 110, 50]
1001 [1229, 347, 110, 50]
1002 [1229, 347, 110, 50]
1003 [1229, 347, 110, 50]
1004 [1225, 347, 110, 50]
1005 [1221, 351, 110, 50]
1006 [1221, 351, 110, 50]
1007 [1221, 351, 110, 50]
1008 [1221, 351, 110, 50]
1009 [1217, 351, 110, 50]
1010 [1213, 355, 110, 50]
1011 [1213, 351, 110, 50]
1012 [1213, 355, 110, 50]
1013 [1209, 355, 110, 50]
1014 [1209, 355, 110, 50]
1015 [1209, 351, 110, 50]
1016 [1201, 355, 110, 50]
1017 [1201, 355, 110, 50]
1018 [1201, 355, 110, 50]
1019 [1197, 355, 110, 50]
1020 [1193, 359, 110, 50]
1021 [1193, 359, 110, 50]
1022 [1189, 363, 110, 50]
1023 [1189, 367, 110, 50]
1024 [1185, 367, 110, 50]
1025 [1185, 371, 110, 50]
1026 [1181, 371, 110, 50]
1027 [1181, 371, 110, 50]
1028 [1181, 375, 110, 50]
1029 [1177, 375, 110, 50]
1030 [1177, 375, 110, 50]
1031 [1173, 379, 110, 50]
1032 [1169, 379, 110, 50]
1033 [1169, 379, 110, 50]
1034 [1169, 379, 110, 50]
1035 [1165, 379, 110, 50]
1036 [1165, 383, 110, 50]
1037 [1165, 383, 110, 50]
1038 [1161, 383, 110, 50]
1039 [1157, 383, 110, 50]
1040 [1157, 387, 110, 50]
1041 [1153, 387, 110, 50]
1042 [1153, 391, 110, 50]
1043 [1149, 391, 110, 50]
1044 [1120, 399, 163, 56]
1045 [1120, 399, 163, 56]
1046 [1116, 403, 163, 56]
1047 [1112, 403, 163, 56]
1048 [1112, 403, 163, 56]
1049 [1108, 403, 163, 56]
1050 [1104, 403, 163, 56]
1051 [1104, 403, 163, 56]
1052 [1104, 399, 163, 56]
1053 [1100, 399, 163, 56]
1054 [1096, 399, 163, 56]
1055 [1096, 403, 163, 56]
1056 [1088, 403, 163, 56]
1057 [1088, 403, 163, 56]
1058 [1084, 403, 163, 56]
1059 [1080, 403, 163, 56]
1060 [1076, 403, 163, 56]
1061 [1076, 403, 163, 56]
1062 [1068, 403, 163, 56]
1063 [1068, 403, 163, 56]
1064 [1064, 403, 163, 56]
1065 [1060, 403, 163, 56]
1066 [1056, 403, 163, 56]
1067 [1056, 403, 163, 56]
1068 [1052, 403, 163, 56]
1069 [1048, 407, 163, 56]
1070 [1044, 407, 163, 56]
1071 [1044, 407, 163, 56]
1072 [1036, 411, 163, 56]
1073 [1036, 411, 163, 56]
1074 [1036, 411, 163, 56]
1075 [1032, 415, 163, 56]
1076 [1028, 415, 163, 56]
1077 [1028, 419, 163, 56]
1078 [1028, 419, 163, 56]
1079 [1024, 419, 163, 56]
1080 [1020, 419, 163, 56]
1081 [1020, 419, 163, 56]
1082 [1016, 423, 163, 56]
1083 [1016, 423, 163, 56]
1084 [1012, 419, 163, 56]
1085 [1012, 423, 163, 56]
1086 [1008, 419, 163, 56]
1087 [1004, 419, 163, 56]
1088 [1004, 419, 163, 56]
1089 [1000, 419, 163, 56]
1090 [996, 419, 163, 56]
1091 [992, 415, 163, 56]
1092 [992, 415, 163, 56]
1093 [984, 419, 163, 56]
1094 [980, 419, 163, 56]
1095 [980, 419, 163, 56]
1096 [976, 419, 163, 56]
1097 [968, 419, 163, 56]
1098 [968, 423, 163, 56]
1099 [964, 419, 163, 56]
1100 [960, 423, 163, 56]
1101 [956, 423, 163, 56]
1102 [952, 427, 163, 56]
1103 [952, 427, 163, 56]
1104 [948, 427, 163, 56]
1105 [944, 427, 163, 56]
1106 [940, 431, 163, 56]
1107 [940, 427, 163, 56]
1108 [936, 427, 163, 56]
1109 [932, 431, 163, 56]
1110 [928, 431, 163, 56]
1111 [928, 427, 163, 56]
1112 [924, 427, 163, 56]
1113 [920, 431, 163, 56]
1114 [916, 431, 163, 56]
1115 [912, 427, 163, 56]
1116 [912, 427, 163, 56]
1117 [908, 427, 163, 56]
1118 [900, 427, 163, 56]
1119 [900, 427, 163, 56]
1120 [896, 427, 163, 56]
1121 [892, 427, 163, 56]
1122 [888, 427, 163, 56]
1123 [888, 427, 163, 56]
1124 [884, 427, 163, 56]
1125 [880, 427, 163, 56]
1126 [876, 427, 163, 56]
1127 [876, 427, 163, 56]
1128 [872, 427, 163, 56]
1129 [868, 431, 163, 56]
1130 [864, 431, 163, 56]
1131 [860, 431, 163, 56]
1132 [860, 427, 163, 56]
1133 [856, 431, 163, 56]
1134 [852, 431, 163, 56]
1135 [848, 431, 163, 56]
1136 [848, 427, 163, 56]
1137 [844, 431, 163, 56]
1138 [840, 431, 163, 56]
1139 [836, 431, 163, 56]
1140 [836, 427, 163, 56]
1141 [832, 427, 163, 56]
1142 [828, 431, 163, 56]
1143 [824, 431, 163, 56]
1144 [820, 427, 163, 56]
1145 [820, 427, 163, 56]
1146 [812, 431, 163, 56]
1147 [808, 431, 163, 56]
1148 [808, 431, 163, 56]
1149 [804, 431, 163, 56]
1150 [800, 431, 163, 56]
1151 [792, 435, 163, 56]
1152 [792, 435, 163, 56]
1153 [788, 435, 163, 56]
1154 [784, 435, 163, 56]
1155 [780, 435, 163, 56]
1156 [780, 435, 163, 56]
1157 [776, 435, 163, 56]
1158 [772, 435, 163, 56]
1159 [768, 435, 163, 56]
1160 [768, 435, 163, 56]
1161 [764, 431, 163, 56]
1162 [760, 431, 163, 56]
1163 [756, 431, 163, 56]
1164 [752, 431, 163, 56]
1165 [748, 431, 163, 56]
1166 [748, 427, 163, 56]
1167 [744, 431, 163, 56]
1168 [736, 427, 163, 56]
1169 [736, 427, 163, 56]
1170 [732, 427, 163, 56]
1171 [728, 427, 163, 56]
1172 [724, 427, 163, 56]
1173 [720, 427, 163, 56]
1174 [716, 427, 163, 56]
1175 [716, 427, 163, 56]
1176 [708, 431, 163, 56]
1177 [704, 431, 163, 56]
1178 [704, 431, 163, 56]
1179 [700, 431, 163, 56]
1180 [696, 431, 163, 56]
1181 [692, 431, 163, 56]
1182 [688, 427, 163, 56]
1183 [688, 427, 163, 56]
1184 [680, 427, 163, 56]
1185 [676, 427, 163, 56]
1186 [676, 431, 163, 56]
1187 [672, 431, 163, 56]
1188 [672, 431, 163, 56]
1189 [664, 431, 163, 56]
1190 [660, 435, 163, 56]
1191 [660, 435, 163, 56]
1192 [656, 435, 163, 56]
1193 [652, 439, 163, 56]
1194 [648, 439, 163, 56]
1195 [648, 439, 163, 56]
1196 [644, 439, 163, 56]
1197 [644, 439, 163, 56]
1198 [640, 439, 163, 56]
1199 [636, 443, 163, 56]
1200 [632, 443, 163, 56]
1201 [632, 443, 163, 56]
1202 [628, 443, 163, 56]
1203 [620, 447, 163, 56]
1204 [620, 447, 163, 56]
1205 [616, 447, 163, 56]
1206 [612, 451, 163, 56]
1207 [608, 451, 163, 56]
1208 [604, 455, 163, 56]
1209 [600, 455, 163, 56]
1210 [596, 455, 163, 56]
1211 [592, 455, 163, 56]
1212 [588, 455, 163, 56]
1213 [584, 459, 163, 56]
1214 [580, 455, 163, 56]
1215 [576, 459, 163, 56]
1216 [572, 459, 163, 56]
1217 [568, 459, 163, 56]
1218 [564, 459, 163, 56]
1219 [560, 459, 163, 56]
1220 [556, 463, 163, 56]
1221 [548, 463, 163, 56]
1222 [548, 467, 163, 56]
1223 [544, 467, 163, 56]
1224 [540, 471, 163, 56]
1225 [536, 471, 163, 56]
1226 [532, 471, 163, 56]
1227 [532, 471, 163, 56]
1228 [528, 475, 163, 56]
1229 [520, 475, 163, 56]
1230 [516, 479, 163, 56]
1231 [516, 479, 163, 56]
1232 [512, 479, 163, 56]
1233 [508, 479, 163, 56]
1234 [500, 483, 163, 56]
1235 [496, 483, 163, 56]
1236 [496, 483, 163, 56]
1237 [488, 483, 163, 56]
1238 [480, 483, 163, 56]
1239 [480, 487, 163, 56]
1240 [476, 483, 163, 56]
1241 [468, 487, 163, 56]
1242 [464, 487, 163, 56]
1243 [456, 487, 163, 56]
1244 [452, 487, 163, 56]
1245 [448, 483, 163, 56]
1246 [444, 487, 163, 56]
1247 [436, 487, 163, 56]
1248 [432, 487, 163, 56]
1249 [428, 487, 163, 56]
1250 [424, 487, 163, 56]
1251 [420, 487, 163, 56]
1252 [416, 487, 163, 56]
1253 [412, 487, 163, 56]
1254 [408, 487, 163, 56]
1255 [404, 487, 163, 56]
1256 [400, 487, 163, 56]
1257 [392, 487, 163, 56]
1258 [392, 483, 163, 56]
1259 [392, 483, 163, 56]
1260 [384, 483, 163, 56]
1261 [380, 479, 163, 56]
1262 [393, 481, 123, 49]
1263 [385, 481, 123, 49]
1264 [381, 481, 123, 49]
1265 [381, 477, 123, 49]
1266 [377, 481, 123, 49]
1267 [373, 481, 123, 49]
1268 [369, 477, 123, 49]
1269 [365, 477, 123, 49]
1270 [361, 477, 123, 49]
1271 [357, 477, 123, 49]
1272 [353, 477, 123, 49]
1273 [349, 477, 123, 49]
1274 [345, 477, 123, 49]
1275 [341, 477, 123, 49]
1276 [337, 477, 123, 49]
1277 [333, 477, 123, 49]
1278 [333, 477, 123, 49]
1279 [329, 477, 123, 49]
1280 [325, 477, 123, 49]
1281 [321, 473, 123, 49]
1282 [321, 473, 123, 49]
1283 [313, 473, 123, 49]
1284 [313, 473, 123, 49]
1285 [309, 469, 123, 49]
1286 [305, 469, 123, 49]
1287 [301, 469, 123, 49]
1288 [301, 469, 123, 49]
1289 [293, 469, 123, 49]
1290 [289, 469, 123, 49]
1291 [289, 469, 123, 49]
1292 [285, 469, 123, 49]
1293 [277, 469, 123, 49]
1294 [277, 469, 123, 49]
1295 [273, 469, 123, 49]
1296 [269, 469, 123, 49]
1297 [265, 469, 123, 49]
1298 [261, 469, 123, 49]
1299 [261, 469, 123, 49]
1300 [257, 465, 123, 49]
1301 [253, 461, 123, 49]
1302 [249, 457, 123, 49]
1303 [249, 453, 123, 49]
1304 [249, 449, 123, 49]
1305 [241, 441, 123, 49]
1306 [241, 437, 123, 49]
1307 [237, 433, 123, 49]
1308 [237, 429, 123, 49]
1309 [229, 425, 123, 49]
1310 [229, 425, 123, 49]
1311 [225, 421, 123, 49]
1312 [225, 421, 123, 49]
1313 [221, 421, 123, 49]
1314 [213, 421, 123, 49]
1315 [213, 421, 123, 49]
1316 [213, 421, 123, 49]
1317 [209, 421, 123, 49]
1318 [201, 425, 123, 49]
1319 [201, 425, 123, 49]
1320 [201, 425, 123, 49]
1321 [201, 425, 123, 49]
1322 [197, 425, 123, 49]
1323 [197, 425, 123, 49]
1324 [197, 425, 123, 49]
1325 [193, 425, 123, 49]
1326 [189, 425, 123, 49]
1327 [193, 425, 123, 49]
1328 [193, 421, 123, 49]
1329 [189, 421, 123, 49]
1330 [185, 421, 123, 49]
1331 [185, 421, 123, 49]
1332 [185, 417, 123, 49]
1333 [185, 417, 123, 49]
1334 [181, 417, 123, 49]
1335 [181, 417, 123, 49]
1336 [181, 413, 123, 49]
1337 [177, 413, 123, 49]
1338 [173, 413, 123, 49]
1339 [169, 413, 123, 49]
1340 [173, 413, 123, 49]
1341 [169, 417, 123, 49]
1342 [165, 417, 123, 49]
1343 [161, 417, 123, 49]
1344 [161, 417, 123, 49]
1345 [161, 417, 123, 49]
1346 [157, 417, 123, 49]
1347 [153, 417, 123, 49]
1348 [149, 417, 123, 49]
1349 [157, 419, 93, 42]
1350 [157, 419, 93, 42]
1351 [149, 419, 93, 42]
1352 [149, 419, 93, 42]
1353 [145, 419, 93, 42]
1354 [145, 419, 93, 42]
1355 [141, 419, 93, 42]
1356 [141, 419, 93, 42]
1357 [137, 423, 93, 42]
1358 [137, 423, 93, 42]
1359 [133, 427, 93, 42]
1360 [129, 427, 93, 42]
1361 [129, 431, 93, 42]
1362 [129, 431, 93, 42]
1363 [125, 431, 93, 42]
1364 [125, 435, 93, 42]
1365 [121, 435, 93, 42]
1366 [121, 435, 93, 42]
1367 [121, 439, 93, 42]
1368 [117, 439, 93, 42]
1369 [113, 439, 93, 42]
1370 [113, 439, 93, 42]
1371 [113, 439, 93, 42]
1372 [109, 439, 93, 42]
1373 [105, 435, 93, 42]
1374 [101, 435, 93, 42]
1375 [101, 435, 93, 42]
1376 [97, 435, 93, 42]
1377 [93, 435, 93, 42]
1378 [89, 435, 93, 42]
1379 [85, 435, 93, 42]
1380 [85, 435, 93, 42]
1381 [81, 435, 93, 42]
1382 [77, 435, 93, 42]
1383 [73, 439, 93, 42]
1384 [69, 439, 93, 42]
1385 [69, 439, 93, 42]
1386 [65, 439, 93, 42]
1387 [61, 439, 93, 42]
1388 [61, 439, 93, 42]
1389 [61, 439, 93, 42]
1390 [57, 439, 93, 42]
1391 [53, 439, 93, 42]
1392 [53, 439, 93, 42]
1393 [53, 439, 93, 42]
1394 [53, 439, 93, 42]
1395 [49, 443, 93, 42]
1396 [45, 443, 93, 42]
1397 [45, 443, 93, 42]
1398 [49, 439, 93, 42]
1399 [45, 439, 93, 42]
